# Models: X-axis(1) Expressions(2)
# Labels: p_net(1) kappa_s_p(2)
1.000000e+03 3.771914e-02
3.859148e+04 2.259559e-02
7.618296e+04 1.977995e-02
1.137744e+05 1.811948e-02
1.513659e+05 1.693758e-02
1.889574e+05 1.601924e-02
2.265489e+05 1.526808e-02
2.641404e+05 1.463251e-02
3.017318e+05 1.408165e-02
3.393233e+05 1.359555e-02
3.769148e+05 1.316058e-02
4.145063e+05 1.276700e-02
4.520977e+05 1.240760e-02
4.896892e+05 1.207693e-02
5.272807e+05 1.177073e-02
5.648722e+05 1.148562e-02
6.024637e+05 1.121889e-02
6.400551e+05 1.096831e-02
6.776466e+05 1.073203e-02
7.152381e+05 1.050851e-02
7.528296e+05 1.029645e-02
7.904211e+05 1.009472e-02
8.280125e+05 9.902364e-03
8.656040e+05 9.718551e-03
9.031955e+05 9.542553e-03
9.407870e+05 9.373734e-03
9.783784e+05 9.211529e-03
1.015970e+06 9.055441e-03
1.053561e+06 8.905026e-03
1.091153e+06 8.759881e-03
1.128744e+06 8.619657e-03
1.166336e+06 8.484024e-03
1.203927e+06 8.352697e-03
1.241519e+06 8.225405e-03
1.279110e+06 8.101913e-03
1.316702e+06 7.981995e-03
1.354293e+06 7.865457e-03
1.391885e+06 7.752106e-03
1.429476e+06 7.641779e-03
1.467068e+06 7.534313e-03
1.504659e+06 7.429570e-03
1.542251e+06 7.327408e-03
1.579842e+06 7.227709e-03
1.617434e+06 7.130353e-03
1.655025e+06 7.035235e-03
1.692617e+06 6.942252e-03
1.730208e+06 6.851314e-03
1.767799e+06 6.762330e-03
1.805391e+06 6.675217e-03
1.842982e+06 6.589901e-03
1.880574e+06 6.506305e-03
1.918165e+06 6.424366e-03
1.955757e+06 6.344016e-03
1.993348e+06 6.265197e-03
2.030940e+06 6.187849e-03
2.068531e+06 6.111922e-03
2.106123e+06 6.037360e-03
2.143714e+06 5.964119e-03
2.181306e+06 5.892150e-03
2.218897e+06 5.821412e-03
2.256489e+06 5.751860e-03
2.294080e+06 5.683460e-03
2.331672e+06 5.616170e-03
2.369263e+06 5.549957e-03
2.406855e+06 5.484786e-03
2.444446e+06 5.420625e-03
2.482038e+06 5.357443e-03
2.519629e+06 5.295212e-03
2.557221e+06 5.233901e-03
2.594812e+06 5.173486e-03
2.632404e+06 5.113938e-03
2.669995e+06 5.055237e-03
2.707586e+06 4.997356e-03
2.745178e+06 4.940272e-03
2.782769e+06 4.883966e-03
2.820361e+06 4.828413e-03
2.857952e+06 4.773598e-03
2.895544e+06 4.719498e-03
2.933135e+06 4.666097e-03
2.970727e+06 4.613374e-03
3.008318e+06 4.561316e-03
3.045910e+06 4.509903e-03
3.083501e+06 4.459122e-03
3.121093e+06 4.408955e-03
3.158684e+06 4.359390e-03
3.196276e+06 4.310410e-03
3.233867e+06 4.262005e-03
3.271459e+06 4.214157e-03
3.309050e+06 4.166857e-03
3.346642e+06 4.120090e-03
3.384233e+06 4.073847e-03
3.421825e+06 4.028114e-03
3.459416e+06 3.982881e-03
3.497008e+06 3.938136e-03
3.534599e+06 3.893871e-03
3.572190e+06 3.850074e-03
3.609782e+06 3.806734e-03
3.647373e+06 3.763844e-03
3.684965e+06 3.721393e-03
3.722556e+06 3.679375e-03
3.760148e+06 3.637777e-03
3.797739e+06 3.596594e-03
3.835331e+06 3.555815e-03
3.872922e+06 3.515436e-03
3.910514e+06 3.475445e-03
3.948105e+06 3.435838e-03
3.985697e+06 3.396606e-03
4.023288e+06 3.357742e-03
4.060880e+06 3.319239e-03
4.098471e+06 3.281092e-03
4.136063e+06 3.243292e-03
4.173654e+06 3.205836e-03
4.211246e+06 3.168714e-03
4.248837e+06 3.131923e-03
4.286429e+06 3.095455e-03
4.324020e+06 3.059306e-03
4.361612e+06 3.023469e-03
4.399203e+06 2.987941e-03
4.436794e+06 2.952715e-03
4.474386e+06 2.917786e-03
4.511977e+06 2.883149e-03
4.549569e+06 2.848800e-03
4.587160e+06 2.814733e-03
4.624752e+06 2.780944e-03
4.662343e+06 2.747429e-03
4.699935e+06 2.714183e-03
4.737526e+06 2.681202e-03
4.775118e+06 2.648481e-03
4.812709e+06 2.616017e-03
4.850301e+06 2.583805e-03
4.887892e+06 2.551843e-03
4.925484e+06 2.520125e-03
4.963075e+06 2.488649e-03
5.000667e+06 2.457409e-03
5.038258e+06 2.426404e-03
5.075850e+06 2.395629e-03
5.113441e+06 2.365082e-03
5.151033e+06 2.334757e-03
5.188624e+06 2.304654e-03
5.226216e+06 2.274768e-03
5.263807e+06 2.245096e-03
5.301398e+06 2.215636e-03
5.338990e+06 2.186383e-03
5.376581e+06 2.157336e-03
5.414173e+06 2.128491e-03
5.451764e+06 2.099846e-03
5.489356e+06 2.071397e-03
5.526947e+06 2.043143e-03
5.564539e+06 2.015080e-03
5.602130e+06 1.987206e-03
5.639722e+06 1.959518e-03
5.677313e+06 1.932015e-03
5.714905e+06 1.904693e-03
5.752496e+06 1.877550e-03
5.790088e+06 1.850584e-03
5.827679e+06 1.823792e-03
5.865271e+06 1.797173e-03
5.902862e+06 1.770724e-03
5.940454e+06 1.744442e-03
5.978045e+06 1.718327e-03
6.015637e+06 1.692374e-03
6.053228e+06 1.666585e-03
6.090820e+06 1.640954e-03
6.128411e+06 1.615481e-03
6.166003e+06 1.590164e-03
6.203594e+06 1.565001e-03
6.241185e+06 1.539990e-03
6.278777e+06 1.515129e-03
6.316368e+06 1.490416e-03
6.353960e+06 1.465850e-03
6.391551e+06 1.441429e-03
6.429143e+06 1.417151e-03
6.466734e+06 1.393015e-03
6.504326e+06 1.369019e-03
6.541917e+06 1.345161e-03
6.579509e+06 1.321439e-03
6.617100e+06 1.297853e-03
6.654692e+06 1.274400e-03
6.692283e+06 1.251080e-03
6.729875e+06 1.227890e-03
6.767466e+06 1.204830e-03
6.805058e+06 1.181896e-03
6.842649e+06 1.159090e-03
6.880241e+06 1.136408e-03
6.917832e+06 1.113850e-03
6.955424e+06 1.091414e-03
6.993015e+06 1.069099e-03
7.030607e+06 1.046904e-03
7.068198e+06 1.024827e-03
7.105789e+06 1.002868e-03
7.143381e+06 9.810233e-04
7.180972e+06 9.592943e-04
7.218564e+06 9.376781e-04
7.256155e+06 9.161748e-04
7.293747e+06 8.947821e-04
7.331338e+06 8.734998e-04
7.368930e+06 8.523259e-04
7.406521e+06 8.312603e-04
7.444113e+06 8.103008e-04
7.481704e+06 7.894473e-04
7.519296e+06 7.686979e-04
7.556887e+06 7.480525e-04
7.594479e+06 7.275090e-04
7.632070e+06 7.070674e-04
7.669662e+06 6.867258e-04
7.707253e+06 6.664841e-04
7.744845e+06 6.463404e-04
7.782436e+06 6.262948e-04
7.820028e+06 6.063452e-04
7.857619e+06 5.864919e-04
7.895211e+06 5.667327e-04
7.932802e+06 5.470680e-04
7.970393e+06 5.274962e-04
8.007985e+06 5.080160e-04
8.045576e+06 4.886275e-04
8.083168e+06 4.693289e-04
8.120759e+06 4.501203e-04
8.158351e+06 4.310000e-04
8.195942e+06 4.119680e-04
8.233534e+06 3.930227e-04
8.271125e+06 3.741641e-04
8.308717e+06 3.553906e-04
8.346308e+06 3.367023e-04
8.383900e+06 3.180975e-04
8.421491e+06 2.995764e-04
8.459083e+06 2.811373e-04
8.496674e+06 2.627805e-04
8.534266e+06 2.445042e-04
8.571857e+06 2.263087e-04
8.609449e+06 2.081924e-04
8.647040e+06 1.901555e-04
8.684632e+06 1.721963e-04
8.722223e+06 1.543152e-04
8.759815e+06 1.365105e-04
8.797406e+06 1.187825e-04
8.834997e+06 1.011301e-04
8.872589e+06 8.355224e-05
8.910180e+06 6.604912e-05
8.947772e+06 4.861923e-05
8.985363e+06 3.126287e-05
9.022955e+06 1.397851e-05
9.060546e+06 -3.233527e-06
9.098138e+06 -2.037476e-05
9.135729e+06 -3.744486e-05
9.173321e+06 -5.444531e-05
9.210912e+06 -7.137579e-05
9.248504e+06 -8.823777e-05
9.286095e+06 -1.050309e-04
9.323687e+06 -1.217566e-04
9.361278e+06 -1.384146e-04
9.398870e+06 -1.550063e-04
9.436461e+06 -1.715313e-04
9.474053e+06 -1.879910e-04
9.511644e+06 -2.043852e-04
9.549236e+06 -2.207150e-04
9.586827e+06 -2.369804e-04
9.624419e+06 -2.531824e-04
9.662010e+06 -2.693209e-04
9.699602e+06 -2.853972e-04
9.737193e+06 -3.014108e-04
9.774784e+06 -3.173628e-04
9.812376e+06 -3.332539e-04
9.849967e+06 -3.490838e-04
9.887559e+06 -3.648539e-04
9.925150e+06 -3.805637e-04
9.962742e+06 -3.962145e-04
1.000033e+07 -4.118048e-04
1.003792e+07 -4.273374e-04
1.007552e+07 -4.428160e-04
1.011311e+07 -4.582329e-04
1.015070e+07 -4.735925e-04
1.018829e+07 -4.888954e-04
1.022588e+07 -5.041420e-04
1.026347e+07 -5.193326e-04
1.030107e+07 -5.344717e-04
1.033866e+07 -5.495516e-04
1.037625e+07 -5.645768e-04
1.041384e+07 -5.795476e-04
1.045143e+07 -5.944646e-04
1.048902e+07 -6.093279e-04
1.052661e+07 -6.241381e-04
1.056421e+07 -6.388994e-04
1.060180e+07 -6.536044e-04
1.063939e+07 -6.682573e-04
1.067698e+07 -6.828586e-04
1.071457e+07 -6.974085e-04
1.075216e+07 -7.119075e-04
1.078975e+07 -7.263558e-04
1.082735e+07 -7.407578e-04
1.086494e+07 -7.551060e-04
1.090253e+07 -7.694047e-04
1.094012e+07 -7.836541e-04
1.097771e+07 -7.978547e-04
1.101530e+07 -8.120067e-04
1.105289e+07 -8.261105e-04
1.109049e+07 -8.401701e-04
1.112808e+07 -8.541785e-04
1.116567e+07 -8.681396e-04
1.120326e+07 -8.820538e-04
1.124085e+07 -8.959214e-04
1.127844e+07 -9.097426e-04
1.131604e+07 -9.235216e-04
1.135363e+07 -9.372512e-04
1.139122e+07 -9.509354e-04
1.142881e+07 -9.645746e-04
1.146640e+07 -9.781689e-04
1.150399e+07 -9.917188e-04
1.154158e+07 -1.005224e-03
1.157918e+07 -1.018690e-03
1.161677e+07 -1.032108e-03
1.165436e+07 -1.045483e-03
1.169195e+07 -1.058814e-03
1.172954e+07 -1.072103e-03
1.176713e+07 -1.085349e-03
1.180472e+07 -1.098554e-03
1.184232e+07 -1.111719e-03
1.187991e+07 -1.124840e-03
1.191750e+07 -1.137919e-03
1.195509e+07 -1.150956e-03
1.199268e+07 -1.163953e-03
1.203027e+07 -1.176909e-03
1.206786e+07 -1.189825e-03
1.210546e+07 -1.202704e-03
1.214305e+07 -1.215540e-03
1.218064e+07 -1.228336e-03
1.221823e+07 -1.241092e-03
1.225582e+07 -1.253810e-03
1.229341e+07 -1.266488e-03
1.233101e+07 -1.279131e-03
1.236860e+07 -1.291732e-03
1.240619e+07 -1.304295e-03
1.244378e+07 -1.316820e-03
1.248137e+07 -1.329308e-03
1.251896e+07 -1.341757e-03
1.255655e+07 -1.354170e-03
1.259415e+07 -1.366548e-03
1.263174e+07 -1.378886e-03
1.266933e+07 -1.391188e-03
1.270692e+07 -1.403453e-03
1.274451e+07 -1.415682e-03
1.278210e+07 -1.427875e-03
1.281969e+07 -1.440032e-03
1.285729e+07 -1.452157e-03
1.289488e+07 -1.464243e-03
1.293247e+07 -1.476294e-03
1.297006e+07 -1.488310e-03
1.300765e+07 -1.500292e-03
1.304524e+07 -1.512238e-03
1.308283e+07 -1.524151e-03
1.312043e+07 -1.536032e-03
1.315802e+07 -1.547876e-03
1.319561e+07 -1.559686e-03
1.323320e+07 -1.571463e-03
1.327079e+07 -1.583207e-03
1.330838e+07 -1.594917e-03
1.334597e+07 -1.606594e-03
1.338357e+07 -1.618241e-03
1.342116e+07 -1.629853e-03
1.345875e+07 -1.641432e-03
1.349634e+07 -1.652979e-03
1.353393e+07 -1.664493e-03
1.357152e+07 -1.675976e-03
1.360912e+07 -1.687430e-03
1.364671e+07 -1.698850e-03
1.368430e+07 -1.710238e-03
1.372189e+07 -1.721594e-03
1.375948e+07 -1.732920e-03
1.379707e+07 -1.744215e-03
1.383466e+07 -1.755479e-03
1.387226e+07 -1.766715e-03
1.390985e+07 -1.777918e-03
1.394744e+07 -1.789091e-03
1.398503e+07 -1.800234e-03
1.402262e+07 -1.811347e-03
1.406021e+07 -1.822430e-03
1.409780e+07 -1.833484e-03
1.413540e+07 -1.844511e-03
1.417299e+07 -1.855505e-03
1.421058e+07 -1.866471e-03
1.424817e+07 -1.877408e-03
1.428576e+07 -1.888316e-03
1.432335e+07 -1.899195e-03
1.436094e+07 -1.910046e-03
1.439854e+07 -1.920871e-03
1.443613e+07 -1.931665e-03
1.447372e+07 -1.942431e-03
1.451131e+07 -1.953169e-03
1.454890e+07 -1.963880e-03
1.458649e+07 -1.974562e-03
1.462409e+07 -1.985220e-03
1.466168e+07 -1.995848e-03
1.469927e+07 -2.006449e-03
1.473686e+07 -2.017022e-03
1.477445e+07 -2.027569e-03
1.481204e+07 -2.038089e-03
1.484963e+07 -2.048582e-03
1.488723e+07 -2.059052e-03
1.492482e+07 -2.069492e-03
1.496241e+07 -2.079906e-03
1.500000e+07 -2.090294e-03
