# Models: X-axis(1) Expressions(2)
# Labels: pc(1) kappa(2)
1.000000e+02 3.699586e-02
3.840731e+05 3.046464e-02
7.680462e+05 2.804451e-02
1.152019e+06 2.652669e-02
1.535992e+06 2.541821e-02
1.919966e+06 2.454452e-02
2.303939e+06 2.382335e-02
2.687912e+06 2.320927e-02
3.071885e+06 2.267456e-02
3.455858e+06 2.220102e-02
3.839831e+06 2.177609e-02
4.223804e+06 2.139071e-02
4.607777e+06 2.103814e-02
4.991751e+06 2.071322e-02
5.375724e+06 2.041194e-02
5.759697e+06 2.013109e-02
6.143670e+06 1.986807e-02
6.527643e+06 1.962075e-02
6.911616e+06 1.938736e-02
7.295589e+06 1.916643e-02
7.679562e+06 1.895667e-02
8.063536e+06 1.875702e-02
8.447509e+06 1.856656e-02
8.831482e+06 1.838446e-02
9.215455e+06 1.821003e-02
9.599428e+06 1.804264e-02
9.983401e+06 1.788176e-02
1.036737e+07 1.772689e-02
1.075135e+07 1.757759e-02
1.113532e+07 1.743349e-02
1.151929e+07 1.729424e-02
1.190327e+07 1.715951e-02
1.228724e+07 1.702902e-02
1.267121e+07 1.690252e-02
1.305519e+07 1.677976e-02
1.343916e+07 1.666054e-02
1.382313e+07 1.654465e-02
1.420711e+07 1.643191e-02
1.459108e+07 1.632216e-02
1.497505e+07 1.621525e-02
1.535902e+07 1.611102e-02
1.574300e+07 1.600934e-02
1.612697e+07 1.591011e-02
1.651094e+07 1.581319e-02
1.689492e+07 1.571849e-02
1.727889e+07 1.562591e-02
1.766286e+07 1.553534e-02
1.804684e+07 1.544672e-02
1.843081e+07 1.535995e-02
1.881478e+07 1.527496e-02
1.919876e+07 1.519168e-02
1.958273e+07 1.511004e-02
1.996670e+07 1.502998e-02
2.035068e+07 1.495143e-02
2.073465e+07 1.487434e-02
2.111862e+07 1.479867e-02
2.150259e+07 1.472435e-02
2.188657e+07 1.465134e-02
2.227054e+07 1.457959e-02
2.265451e+07 1.450907e-02
2.303849e+07 1.443972e-02
2.342246e+07 1.437152e-02
2.380643e+07 1.430442e-02
2.419041e+07 1.423839e-02
2.457438e+07 1.417340e-02
2.495835e+07 1.410941e-02
2.534233e+07 1.404639e-02
2.572630e+07 1.398431e-02
2.611027e+07 1.392316e-02
2.649425e+07 1.386289e-02
2.687822e+07 1.380348e-02
2.726219e+07 1.374492e-02
2.764616e+07 1.368717e-02
2.803014e+07 1.363022e-02
2.841411e+07 1.357403e-02
2.879808e+07 1.351860e-02
2.918206e+07 1.346390e-02
2.956603e+07 1.340992e-02
2.995000e+07 1.335662e-02
3.033398e+07 1.330401e-02
3.071795e+07 1.325205e-02
3.110192e+07 1.320074e-02
3.148590e+07 1.315005e-02
3.186987e+07 1.309998e-02
3.225384e+07 1.305051e-02
3.263782e+07 1.300161e-02
3.302179e+07 1.295329e-02
3.340576e+07 1.290553e-02
3.378973e+07 1.285831e-02
3.417371e+07 1.281162e-02
3.455768e+07 1.276546e-02
3.494165e+07 1.271980e-02
3.532563e+07 1.267463e-02
3.570960e+07 1.262996e-02
3.609357e+07 1.258576e-02
3.647755e+07 1.254203e-02
3.686152e+07 1.249876e-02
3.724549e+07 1.245593e-02
3.762947e+07 1.241354e-02
3.801344e+07 1.237158e-02
3.839741e+07 1.233004e-02
3.878139e+07 1.228891e-02
3.916536e+07 1.224819e-02
3.954933e+07 1.220786e-02
3.993330e+07 1.216792e-02
4.031728e+07 1.212836e-02
4.070125e+07 1.208918e-02
4.108522e+07 1.205037e-02
4.146920e+07 1.201191e-02
4.185317e+07 1.197381e-02
4.223714e+07 1.193605e-02
4.262112e+07 1.189864e-02
4.300509e+07 1.186156e-02
4.338906e+07 1.182481e-02
4.377304e+07 1.178838e-02
4.415701e+07 1.175227e-02
4.454098e+07 1.171647e-02
4.492496e+07 1.168098e-02
4.530893e+07 1.164579e-02
4.569290e+07 1.161090e-02
4.607687e+07 1.157629e-02
4.646085e+07 1.154198e-02
4.684482e+07 1.150794e-02
4.722879e+07 1.147419e-02
4.761277e+07 1.144070e-02
4.799674e+07 1.140749e-02
4.838071e+07 1.137454e-02
4.876469e+07 1.134184e-02
4.914866e+07 1.130941e-02
4.953263e+07 1.127722e-02
4.991661e+07 1.124529e-02
5.030058e+07 1.121360e-02
5.068455e+07 1.118215e-02
5.106853e+07 1.115093e-02
5.145250e+07 1.111995e-02
5.183647e+07 1.108920e-02
5.222044e+07 1.105868e-02
5.260442e+07 1.102837e-02
5.298839e+07 1.099829e-02
5.337236e+07 1.096843e-02
5.375634e+07 1.093878e-02
5.414031e+07 1.090934e-02
5.452428e+07 1.088010e-02
5.490826e+07 1.085108e-02
5.529223e+07 1.082225e-02
5.567620e+07 1.079362e-02
5.606018e+07 1.076519e-02
5.644415e+07 1.073696e-02
5.682812e+07 1.070891e-02
5.721210e+07 1.068105e-02
5.759607e+07 1.065338e-02
5.798004e+07 1.062590e-02
5.836401e+07 1.059859e-02
5.874799e+07 1.057146e-02
5.913196e+07 1.054451e-02
5.951593e+07 1.051774e-02
5.989991e+07 1.049113e-02
6.028388e+07 1.046469e-02
6.066785e+07 1.043843e-02
6.105183e+07 1.041232e-02
6.143580e+07 1.038639e-02
6.181977e+07 1.036061e-02
6.220375e+07 1.033499e-02
6.258772e+07 1.030953e-02
6.297169e+07 1.028422e-02
6.335567e+07 1.025907e-02
6.373964e+07 1.023407e-02
6.412361e+07 1.020922e-02
6.450758e+07 1.018452e-02
6.489156e+07 1.015996e-02
6.527553e+07 1.013555e-02
6.565950e+07 1.011129e-02
6.604348e+07 1.008716e-02
6.642745e+07 1.006317e-02
6.681142e+07 1.003932e-02
6.719540e+07 1.001561e-02
6.757937e+07 9.992033e-03
6.796334e+07 9.968589e-03
6.834732e+07 9.945277e-03
6.873129e+07 9.922095e-03
6.911526e+07 9.899042e-03
6.949924e+07 9.876116e-03
6.988321e+07 9.853317e-03
7.026718e+07 9.830643e-03
7.065115e+07 9.808092e-03
7.103513e+07 9.785662e-03
7.141910e+07 9.763354e-03
7.180307e+07 9.741166e-03
7.218705e+07 9.719095e-03
7.257102e+07 9.697141e-03
7.295499e+07 9.675303e-03
7.333897e+07 9.653579e-03
7.372294e+07 9.631969e-03
7.410691e+07 9.610471e-03
7.449089e+07 9.589083e-03
7.487486e+07 9.567806e-03
7.525883e+07 9.546637e-03
7.564281e+07 9.525576e-03
7.602678e+07 9.504621e-03
7.641075e+07 9.483772e-03
7.679472e+07 9.463028e-03
7.717870e+07 9.442386e-03
7.756267e+07 9.421847e-03
7.794664e+07 9.401409e-03
7.833062e+07 9.381071e-03
7.871459e+07 9.360833e-03
7.909856e+07 9.340693e-03
7.948254e+07 9.320650e-03
7.986651e+07 9.300704e-03
8.025048e+07 9.280854e-03
8.063446e+07 9.261098e-03
8.101843e+07 9.241436e-03
8.140240e+07 9.221866e-03
8.178637e+07 9.202389e-03
8.217035e+07 9.183003e-03
8.255432e+07 9.163707e-03
8.293829e+07 9.144501e-03
8.332227e+07 9.125382e-03
8.370624e+07 9.106352e-03
8.409021e+07 9.087409e-03
8.447419e+07 9.068552e-03
8.485816e+07 9.049781e-03
8.524213e+07 9.031094e-03
8.562611e+07 9.012491e-03
8.601008e+07 8.993971e-03
8.639405e+07 8.975534e-03
8.677803e+07 8.957178e-03
8.716200e+07 8.938903e-03
8.754597e+07 8.920709e-03
8.792994e+07 8.902594e-03
8.831392e+07 8.884557e-03
8.869789e+07 8.866600e-03
8.908186e+07 8.848719e-03
8.946584e+07 8.830915e-03
8.984981e+07 8.813188e-03
9.023378e+07 8.795536e-03
9.061776e+07 8.777958e-03
9.100173e+07 8.760456e-03
9.138570e+07 8.743026e-03
9.176968e+07 8.725670e-03
9.215365e+07 8.708386e-03
9.253762e+07 8.691174e-03
9.292160e+07 8.674033e-03
9.330557e+07 8.656963e-03
9.368954e+07 8.639962e-03
9.407351e+07 8.623032e-03
9.445749e+07 8.606169e-03
9.484146e+07 8.589376e-03
9.522543e+07 8.572650e-03
9.560941e+07 8.555991e-03
9.599338e+07 8.539400e-03
9.637735e+07 8.522874e-03
9.676133e+07 8.506414e-03
9.714530e+07 8.490019e-03
9.752927e+07 8.473688e-03
9.791325e+07 8.457422e-03
9.829722e+07 8.441219e-03
9.868119e+07 8.425080e-03
9.906517e+07 8.409003e-03
9.944914e+07 8.392988e-03
9.983311e+07 8.377035e-03
1.002171e+08 8.361142e-03
1.006011e+08 8.345310e-03
1.009850e+08 8.329542e-03
1.013690e+08 8.313830e-03
1.017530e+08 8.298177e-03
1.021370e+08 8.282582e-03
1.025209e+08 8.267051e-03
1.029049e+08 8.251573e-03
1.032889e+08 8.236153e-03
1.036728e+08 8.220794e-03
1.040568e+08 8.205488e-03
1.044408e+08 8.190239e-03
1.048248e+08 8.175045e-03
1.052087e+08 8.159910e-03
1.055927e+08 8.144827e-03
1.059767e+08 8.129798e-03
1.063607e+08 8.114824e-03
1.067446e+08 8.099908e-03
1.071286e+08 8.085041e-03
1.075126e+08 8.070227e-03
1.078965e+08 8.055470e-03
1.082805e+08 8.040761e-03
1.086645e+08 8.026105e-03
1.090485e+08 8.011500e-03
1.094324e+08 7.996950e-03
1.098164e+08 7.982447e-03
1.102004e+08 7.967995e-03
1.105844e+08 7.953593e-03
1.109683e+08 7.939245e-03
1.113523e+08 7.924943e-03
1.117363e+08 7.910689e-03
1.121203e+08 7.896485e-03
1.125042e+08 7.882333e-03
1.128882e+08 7.868225e-03
1.132722e+08 7.854165e-03
1.136561e+08 7.840156e-03
1.140401e+08 7.826191e-03
1.144241e+08 7.812273e-03
1.148081e+08 7.798402e-03
1.151920e+08 7.784580e-03
1.155760e+08 7.770800e-03
1.159600e+08 7.757067e-03
1.163440e+08 7.743378e-03
1.167279e+08 7.729739e-03
1.171119e+08 7.716140e-03
1.174959e+08 7.702586e-03
1.178798e+08 7.689080e-03
1.182638e+08 7.675614e-03
1.186478e+08 7.662191e-03
1.190318e+08 7.648812e-03
1.194157e+08 7.635480e-03
1.197997e+08 7.622187e-03
1.201837e+08 7.608936e-03
1.205677e+08 7.595728e-03
1.209516e+08 7.582565e-03
1.213356e+08 7.569440e-03
1.217196e+08 7.556356e-03
1.221036e+08 7.543314e-03
1.224875e+08 7.530316e-03
1.228715e+08 7.517356e-03
1.232555e+08 7.504436e-03
1.236394e+08 7.491559e-03
1.240234e+08 7.478719e-03
1.244074e+08 7.465918e-03
1.247914e+08 7.453157e-03
1.251753e+08 7.440439e-03
1.255593e+08 7.427756e-03
1.259433e+08 7.415111e-03
1.263273e+08 7.402506e-03
1.267112e+08 7.389941e-03
1.270952e+08 7.377412e-03
1.274792e+08 7.364920e-03
1.278631e+08 7.352469e-03
1.282471e+08 7.340052e-03
1.286311e+08 7.327672e-03
1.290151e+08 7.315329e-03
1.293990e+08 7.303026e-03
1.297830e+08 7.290756e-03
1.301670e+08 7.278522e-03
1.305510e+08 7.266325e-03
1.309349e+08 7.254166e-03
1.313189e+08 7.242039e-03
1.317029e+08 7.229949e-03
1.320869e+08 7.217893e-03
1.324708e+08 7.205875e-03
1.328548e+08 7.193889e-03
1.332388e+08 7.181938e-03
1.336227e+08 7.170024e-03
1.340067e+08 7.158141e-03
1.343907e+08 7.146292e-03
1.347747e+08 7.134477e-03
1.351586e+08 7.122698e-03
1.355426e+08 7.110950e-03
1.359266e+08 7.099235e-03
1.363106e+08 7.087553e-03
1.366945e+08 7.075907e-03
1.370785e+08 7.064291e-03
1.374625e+08 7.052707e-03
1.378465e+08 7.041155e-03
1.382304e+08 7.029638e-03
1.386144e+08 7.018151e-03
1.389984e+08 7.006695e-03
1.393823e+08 6.995273e-03
1.397663e+08 6.983881e-03
1.401503e+08 6.972519e-03
1.405343e+08 6.961188e-03
1.409182e+08 6.949892e-03
1.413022e+08 6.938623e-03
1.416862e+08 6.927384e-03
1.420702e+08 6.916176e-03
1.424541e+08 6.905001e-03
1.428381e+08 6.893853e-03
1.432221e+08 6.882736e-03
1.436060e+08 6.871650e-03
1.439900e+08 6.860592e-03
1.443740e+08 6.849563e-03
1.447580e+08 6.838563e-03
1.451419e+08 6.827595e-03
1.455259e+08 6.816653e-03
1.459099e+08 6.805741e-03
1.462939e+08 6.794856e-03
1.466778e+08 6.784003e-03
1.470618e+08 6.773176e-03
1.474458e+08 6.762377e-03
1.478298e+08 6.751606e-03
1.482137e+08 6.740865e-03
1.485977e+08 6.730150e-03
1.489817e+08 6.719462e-03
1.493656e+08 6.708805e-03
1.497496e+08 6.698172e-03
1.501336e+08 6.687566e-03
1.505176e+08 6.676988e-03
1.509015e+08 6.666439e-03
1.512855e+08 6.655914e-03
1.516695e+08 6.645415e-03
1.520535e+08 6.634944e-03
1.524374e+08 6.624501e-03
1.528214e+08 6.614082e-03
1.532054e+08 6.603689e-03
1.535893e+08 6.593325e-03
1.539733e+08 6.582984e-03
1.543573e+08 6.572668e-03
1.547413e+08 6.562379e-03
1.551252e+08 6.552117e-03
1.555092e+08 6.541878e-03
1.558932e+08 6.531665e-03
1.562772e+08 6.521476e-03
1.566611e+08 6.511315e-03
1.570451e+08 6.501177e-03
1.574291e+08 6.491063e-03
1.578131e+08 6.480973e-03
1.581970e+08 6.470911e-03
1.585810e+08 6.460871e-03
1.589650e+08 6.450855e-03
1.593489e+08 6.440865e-03
1.597329e+08 6.430897e-03
1.601169e+08 6.420953e-03
1.605009e+08 6.411033e-03
1.608848e+08 6.401139e-03
1.612688e+08 6.391266e-03
1.616528e+08 6.381416e-03
1.620368e+08 6.371590e-03
1.624207e+08 6.361790e-03
1.628047e+08 6.352010e-03
1.631887e+08 6.342253e-03
1.635726e+08 6.332522e-03
1.639566e+08 6.322811e-03
1.643406e+08 6.313123e-03
1.647246e+08 6.303457e-03
1.651085e+08 6.293816e-03
1.654925e+08 6.284195e-03
1.658765e+08 6.274597e-03
1.662605e+08 6.265020e-03
1.666444e+08 6.255468e-03
1.670284e+08 6.245936e-03
1.674124e+08 6.236426e-03
1.677964e+08 6.226937e-03
1.681803e+08 6.217472e-03
1.685643e+08 6.208027e-03
1.689483e+08 6.198603e-03
1.693322e+08 6.189203e-03
1.697162e+08 6.179821e-03
1.701002e+08 6.170461e-03
1.704842e+08 6.161122e-03
1.708681e+08 6.151807e-03
1.712521e+08 6.142510e-03
1.716361e+08 6.133233e-03
1.720201e+08 6.123978e-03
1.724040e+08 6.114745e-03
1.727880e+08 6.105531e-03
1.731720e+08 6.096337e-03
1.735560e+08 6.087163e-03
1.739399e+08 6.078012e-03
1.743239e+08 6.068879e-03
1.747079e+08 6.059766e-03
1.750918e+08 6.050675e-03
1.754758e+08 6.041602e-03
1.758598e+08 6.032548e-03
1.762438e+08 6.023515e-03
1.766277e+08 6.014503e-03
1.770117e+08 6.005509e-03
1.773957e+08 5.996534e-03
1.777797e+08 5.987578e-03
1.781636e+08 5.978644e-03
1.785476e+08 5.969727e-03
1.789316e+08 5.960829e-03
1.793155e+08 5.951953e-03
1.796995e+08 5.943093e-03
1.800835e+08 5.934252e-03
1.804675e+08 5.925430e-03
1.808514e+08 5.916629e-03
1.812354e+08 5.907844e-03
1.816194e+08 5.899078e-03
1.820034e+08 5.890330e-03
1.823873e+08 5.881603e-03
1.827713e+08 5.872892e-03
1.831553e+08 5.864200e-03
1.835393e+08 5.855525e-03
1.839232e+08 5.846871e-03
1.843072e+08 5.838233e-03
1.846912e+08 5.829613e-03
1.850751e+08 5.821012e-03
1.854591e+08 5.812428e-03
1.858431e+08 5.803861e-03
1.862271e+08 5.795312e-03
1.866110e+08 5.786783e-03
1.869950e+08 5.778269e-03
1.873790e+08 5.769772e-03
1.877630e+08 5.761293e-03
1.881469e+08 5.752833e-03
1.885309e+08 5.744389e-03
1.889149e+08 5.735961e-03
1.892988e+08 5.727553e-03
1.896828e+08 5.719160e-03
1.900668e+08 5.710783e-03
1.904508e+08 5.702424e-03
1.908347e+08 5.694083e-03
1.912187e+08 5.685757e-03
1.916027e+08 5.677448e-03
1.919867e+08 5.669156e-03
1.923706e+08 5.660882e-03
1.927546e+08 5.652622e-03
1.931386e+08 5.644379e-03
1.935226e+08 5.636153e-03
1.939065e+08 5.627944e-03
1.942905e+08 5.619750e-03
1.946745e+08 5.611572e-03
1.950584e+08 5.603412e-03
1.954424e+08 5.595267e-03
1.958264e+08 5.587137e-03
1.962104e+08 5.579023e-03
1.965943e+08 5.570927e-03
1.969783e+08 5.562844e-03
1.973623e+08 5.554778e-03
1.977463e+08 5.546727e-03
1.981302e+08 5.538694e-03
1.985142e+08 5.530674e-03
1.988982e+08 5.522670e-03
1.992822e+08 5.514681e-03
1.996661e+08 5.506709e-03
2.000501e+08 5.498751e-03
2.004341e+08 5.490808e-03
2.008180e+08 5.482883e-03
2.012020e+08 5.474970e-03
2.015860e+08 5.467073e-03
2.019700e+08 5.459190e-03
2.023539e+08 5.451325e-03
2.027379e+08 5.443472e-03
2.031219e+08 5.435634e-03
2.035059e+08 5.427812e-03
2.038898e+08 5.420005e-03
2.042738e+08 5.412212e-03
2.046578e+08 5.404433e-03
2.050417e+08 5.396671e-03
2.054257e+08 5.388921e-03
2.058097e+08 5.381185e-03
2.061937e+08 5.373465e-03
2.065776e+08 5.365760e-03
2.069616e+08 5.358068e-03
2.073456e+08 5.350390e-03
2.077296e+08 5.342726e-03
2.081135e+08 5.335078e-03
2.084975e+08 5.327443e-03
2.088815e+08 5.319821e-03
2.092655e+08 5.312214e-03
2.096494e+08 5.304622e-03
2.100334e+08 5.297042e-03
2.104174e+08 5.289476e-03
2.108013e+08 5.281926e-03
2.111853e+08 5.274388e-03
2.115693e+08 5.266863e-03
2.119533e+08 5.259352e-03
2.123372e+08 5.251857e-03
2.127212e+08 5.244373e-03
2.131052e+08 5.236902e-03
2.134892e+08 5.229445e-03
2.138731e+08 5.222004e-03
2.142571e+08 5.214573e-03
2.146411e+08 5.207157e-03
2.150250e+08 5.199755e-03
2.154090e+08 5.192364e-03
2.157930e+08 5.184987e-03
2.161770e+08 5.177623e-03
2.165609e+08 5.170274e-03
2.169449e+08 5.162935e-03
2.173289e+08 5.155610e-03
2.177129e+08 5.148298e-03
2.180968e+08 5.141001e-03
2.184808e+08 5.133714e-03
2.188648e+08 5.126440e-03
2.192488e+08 5.119179e-03
2.196327e+08 5.111933e-03
2.200167e+08 5.104697e-03
2.204007e+08 5.097474e-03
2.207846e+08 5.090266e-03
2.211686e+08 5.083068e-03
2.215526e+08 5.075882e-03
2.219366e+08 5.068709e-03
2.223205e+08 5.061550e-03
2.227045e+08 5.054402e-03
2.230885e+08 5.047266e-03
2.234725e+08 5.040142e-03
2.238564e+08 5.033033e-03
2.242404e+08 5.025934e-03
2.246244e+08 5.018846e-03
2.250083e+08 5.011773e-03
2.253923e+08 5.004710e-03
2.257763e+08 4.997659e-03
2.261603e+08 4.990620e-03
2.265442e+08 4.983595e-03
2.269282e+08 4.976580e-03
2.273122e+08 4.969576e-03
2.276962e+08 4.962585e-03
2.280801e+08 4.955607e-03
2.284641e+08 4.948639e-03
2.288481e+08 4.941683e-03
2.292321e+08 4.934738e-03
2.296160e+08 4.927807e-03
2.300000e+08 4.920885e-03
