# Models: X-axis(1) Expressions(2)
# Labels: pc(1) kappa_s_s(2)
1.000000e+03 1.000025e+00
5.022506e+05 1.012635e+00
1.003501e+06 1.025405e+00
1.504752e+06 1.038335e+00
2.006003e+06 1.051429e+00
2.507253e+06 1.064687e+00
3.008504e+06 1.078113e+00
3.509754e+06 1.091708e+00
4.011005e+06 1.105475e+00
4.512256e+06 1.119415e+00
5.013506e+06 1.133531e+00
5.514757e+06 1.147825e+00
6.016008e+06 1.162299e+00
6.517258e+06 1.176956e+00
7.018509e+06 1.191798e+00
7.519759e+06 1.206826e+00
8.021010e+06 1.222044e+00
8.522261e+06 1.237455e+00
9.023511e+06 1.253059e+00
9.524762e+06 1.268860e+00
1.002601e+07 1.284861e+00
1.052726e+07 1.301063e+00
1.102851e+07 1.317469e+00
1.152976e+07 1.334083e+00
1.203102e+07 1.350906e+00
1.253227e+07 1.367941e+00
1.303352e+07 1.385191e+00
1.353477e+07 1.402658e+00
1.403602e+07 1.420346e+00
1.453727e+07 1.438257e+00
1.503852e+07 1.456393e+00
1.553977e+07 1.474759e+00
1.604102e+07 1.493355e+00
1.654227e+07 1.512187e+00
1.704352e+07 1.531256e+00
1.754477e+07 1.550565e+00
1.804602e+07 1.570118e+00
1.854727e+07 1.589917e+00
1.904852e+07 1.609966e+00
1.954977e+07 1.630268e+00
2.005103e+07 1.650826e+00
2.055228e+07 1.671643e+00
2.105353e+07 1.692723e+00
2.155478e+07 1.714068e+00
2.205603e+07 1.735683e+00
2.255728e+07 1.757570e+00
2.305853e+07 1.779733e+00
2.355978e+07 1.802175e+00
2.406103e+07 1.824901e+00
2.456228e+07 1.847913e+00
2.506353e+07 1.871216e+00
2.556478e+07 1.894812e+00
2.606603e+07 1.918706e+00
2.656728e+07 1.942901e+00
2.706853e+07 1.967401e+00
2.756978e+07 1.992210e+00
2.807104e+07 2.017332e+00
2.857229e+07 2.042771e+00
2.907354e+07 2.068531e+00
2.957479e+07 2.094615e+00
3.007604e+07 2.121028e+00
3.057729e+07 2.147775e+00
3.107854e+07 2.174858e+00
3.157979e+07 2.202283e+00
3.208104e+07 2.230054e+00
3.258229e+07 2.258176e+00
3.308354e+07 2.286651e+00
3.358479e+07 2.315486e+00
3.408604e+07 2.344685e+00
3.458729e+07 2.374252e+00
3.508854e+07 2.404191e+00
3.558979e+07 2.434508e+00
3.609105e+07 2.465208e+00
3.659230e+07 2.496295e+00
3.709355e+07 2.527773e+00
3.759480e+07 2.559649e+00
3.809605e+07 2.591926e+00
3.859730e+07 2.624610e+00
3.909855e+07 2.657707e+00
3.959980e+07 2.691221e+00
4.010105e+07 2.725158e+00
4.060230e+07 2.759522e+00
4.110355e+07 2.794320e+00
4.160480e+07 2.829557e+00
4.210605e+07 2.865238e+00
4.260730e+07 2.901368e+00
4.310855e+07 2.937955e+00
4.360980e+07 2.975003e+00
4.411106e+07 3.012519e+00
4.461231e+07 3.050507e+00
4.511356e+07 3.088974e+00
4.561481e+07 3.127926e+00
4.611606e+07 3.167370e+00
4.661731e+07 3.207311e+00
4.711856e+07 3.247755e+00
4.761981e+07 3.288710e+00
4.812106e+07 3.330180e+00
4.862231e+07 3.372174e+00
4.912356e+07 3.414698e+00
4.962481e+07 3.457757e+00
5.012606e+07 3.501360e+00
5.062731e+07 3.545513e+00
5.112856e+07 3.590222e+00
5.162981e+07 3.635495e+00
5.213107e+07 3.681340e+00
5.263232e+07 3.727762e+00
5.313357e+07 3.774769e+00
5.363482e+07 3.822369e+00
5.413607e+07 3.870570e+00
5.463732e+07 3.919378e+00
5.513857e+07 3.968802e+00
5.563982e+07 4.018849e+00
5.614107e+07 4.069527e+00
5.664232e+07 4.120844e+00
5.714357e+07 4.172808e+00
5.764482e+07 4.225428e+00
5.814607e+07 4.278711e+00
5.864732e+07 4.332666e+00
5.914857e+07 4.387301e+00
5.964982e+07 4.442625e+00
6.015108e+07 4.498648e+00
6.065233e+07 4.555377e+00
6.115358e+07 4.612821e+00
6.165483e+07 4.670989e+00
6.215608e+07 4.729890e+00
6.265733e+07 4.789535e+00
6.315858e+07 4.849931e+00
6.365983e+07 4.911089e+00
6.416108e+07 4.973019e+00
6.466233e+07 5.035729e+00
6.516358e+07 5.099230e+00
6.566483e+07 5.163532e+00
6.616608e+07 5.228644e+00
6.666733e+07 5.294578e+00
6.716858e+07 5.361343e+00
6.766983e+07 5.428950e+00
6.817109e+07 5.497411e+00
6.867234e+07 5.566734e+00
6.917359e+07 5.636931e+00
6.967484e+07 5.708013e+00
7.017609e+07 5.779992e+00
7.067734e+07 5.852878e+00
7.117859e+07 5.926683e+00
7.167984e+07 6.001419e+00
7.218109e+07 6.077098e+00
7.268234e+07 6.153731e+00
7.318359e+07 6.231330e+00
7.368484e+07 6.309907e+00
7.418609e+07 6.389476e+00
7.468734e+07 6.470048e+00
7.518859e+07 6.551636e+00
7.568984e+07 6.634252e+00
7.619110e+07 6.717913e+00
7.669235e+07 6.802626e+00
7.719360e+07 6.888408e+00
7.769485e+07 6.975271e+00
7.819610e+07 7.063230e+00
7.869735e+07 7.152298e+00
7.919860e+07 7.242489e+00
7.969985e+07 7.333818e+00
8.020110e+07 7.426298e+00
8.070235e+07 7.519944e+00
8.120360e+07 7.614772e+00
8.170485e+07 7.710795e+00
8.220610e+07 7.808029e+00
8.270735e+07 7.906488e+00
8.320860e+07 8.006190e+00
8.370985e+07 8.107149e+00
8.421111e+07 8.209383e+00
8.471236e+07 8.312904e+00
8.521361e+07 8.417730e+00
8.571486e+07 8.523879e+00
8.621611e+07 8.631366e+00
8.671736e+07 8.740208e+00
8.721861e+07 8.850423e+00
8.771986e+07 8.962028e+00
8.822111e+07 9.075040e+00
8.872236e+07 9.189477e+00
8.922361e+07 9.305357e+00
8.972486e+07 9.422698e+00
9.022611e+07 1.000000e-03
9.072736e+07 1.000000e-03
9.122861e+07 1.000000e-03
9.172986e+07 1.000000e-03
9.223112e+07 1.000000e-03
9.273237e+07 1.000000e-03
9.323362e+07 1.000000e-03
9.373487e+07 1.000000e-03
9.423612e+07 1.000000e-03
9.473737e+07 1.000000e-03
9.523862e+07 1.000000e-03
9.573987e+07 1.000000e-03
9.624112e+07 1.000000e-03
9.674237e+07 1.000000e-03
9.724362e+07 1.000000e-03
9.774487e+07 1.000000e-03
9.824612e+07 1.000000e-03
9.874737e+07 1.000000e-03
9.924862e+07 1.000000e-03
9.974987e+07 1.000000e-03
1.002511e+08 1.000000e-03
1.007524e+08 1.000000e-03
1.012536e+08 1.000000e-03
1.017549e+08 1.000000e-03
1.022561e+08 1.000000e-03
1.027574e+08 1.000000e-03
1.032586e+08 1.000000e-03
1.037599e+08 1.000000e-03
1.042611e+08 1.000000e-03
1.047624e+08 1.000000e-03
1.052636e+08 1.000000e-03
1.057649e+08 1.000000e-03
1.062661e+08 1.000000e-03
1.067674e+08 1.000000e-03
1.072686e+08 1.000000e-03
1.077699e+08 1.000000e-03
1.082711e+08 1.000000e-03
1.087724e+08 1.000000e-03
1.092736e+08 1.000000e-03
1.097749e+08 1.000000e-03
1.102761e+08 1.000000e-03
1.107774e+08 1.000000e-03
1.112786e+08 1.000000e-03
1.117799e+08 1.000000e-03
1.122811e+08 1.000000e-03
1.127824e+08 1.000000e-03
1.132836e+08 1.000000e-03
1.137849e+08 1.000000e-03
1.142861e+08 1.000000e-03
1.147874e+08 1.000000e-03
1.152886e+08 1.000000e-03
1.157899e+08 1.000000e-03
1.162911e+08 1.000000e-03
1.167924e+08 1.000000e-03
1.172936e+08 1.000000e-03
1.177949e+08 1.000000e-03
1.182961e+08 1.000000e-03
1.187974e+08 1.000000e-03
1.192986e+08 1.000000e-03
1.197999e+08 1.000000e-03
1.203012e+08 1.000000e-03
1.208024e+08 1.000000e-03
1.213037e+08 1.000000e-03
1.218049e+08 1.000000e-03
1.223062e+08 1.000000e-03
1.228074e+08 1.000000e-03
1.233087e+08 1.000000e-03
1.238099e+08 1.000000e-03
1.243112e+08 1.000000e-03
1.248124e+08 1.000000e-03
1.253137e+08 1.000000e-03
1.258149e+08 1.000000e-03
1.263162e+08 1.000000e-03
1.268174e+08 1.000000e-03
1.273187e+08 1.000000e-03
1.278199e+08 1.000000e-03
1.283212e+08 1.000000e-03
1.288224e+08 1.000000e-03
1.293237e+08 1.000000e-03
1.298249e+08 1.000000e-03
1.303262e+08 1.000000e-03
1.308274e+08 1.000000e-03
1.313287e+08 1.000000e-03
1.318299e+08 1.000000e-03
1.323312e+08 1.000000e-03
1.328324e+08 1.000000e-03
1.333337e+08 1.000000e-03
1.338349e+08 1.000000e-03
1.343362e+08 1.000000e-03
1.348374e+08 1.000000e-03
1.353387e+08 1.000000e-03
1.358399e+08 1.000000e-03
1.363412e+08 1.000000e-03
1.368424e+08 1.000000e-03
1.373437e+08 1.000000e-03
1.378449e+08 1.000000e-03
1.383462e+08 1.000000e-03
1.388474e+08 1.000000e-03
1.393487e+08 1.000000e-03
1.398499e+08 1.000000e-03
1.403512e+08 1.000000e-03
1.408524e+08 1.000000e-03
1.413537e+08 1.000000e-03
1.418549e+08 1.000000e-03
1.423562e+08 1.000000e-03
1.428574e+08 1.000000e-03
1.433587e+08 1.000000e-03
1.438599e+08 1.000000e-03
1.443612e+08 1.000000e-03
1.448624e+08 1.000000e-03
1.453637e+08 1.000000e-03
1.458649e+08 1.000000e-03
1.463662e+08 1.000000e-03
1.468674e+08 1.000000e-03
1.473687e+08 1.000000e-03
1.478699e+08 1.000000e-03
1.483712e+08 1.000000e-03
1.488724e+08 1.000000e-03
1.493737e+08 1.000000e-03
1.498749e+08 1.000000e-03
1.503762e+08 1.000000e-03
1.508774e+08 1.000000e-03
1.513787e+08 1.000000e-03
1.518799e+08 1.000000e-03
1.523812e+08 1.000000e-03
1.528824e+08 1.000000e-03
1.533837e+08 1.000000e-03
1.538849e+08 1.000000e-03
1.543862e+08 1.000000e-03
1.548874e+08 1.000000e-03
1.553887e+08 1.000000e-03
1.558899e+08 1.000000e-03
1.563912e+08 1.000000e-03
1.568924e+08 1.000000e-03
1.573937e+08 1.000000e-03
1.578949e+08 1.000000e-03
1.583962e+08 1.000000e-03
1.588974e+08 1.000000e-03
1.593987e+08 1.000000e-03
1.598999e+08 1.000000e-03
1.604012e+08 1.000000e-03
1.609025e+08 1.000000e-03
1.614037e+08 1.000000e-03
1.619050e+08 1.000000e-03
1.624062e+08 1.000000e-03
1.629075e+08 1.000000e-03
1.634087e+08 1.000000e-03
1.639100e+08 1.000000e-03
1.644112e+08 1.000000e-03
1.649125e+08 1.000000e-03
1.654137e+08 1.000000e-03
1.659150e+08 1.000000e-03
1.664162e+08 1.000000e-03
1.669175e+08 1.000000e-03
1.674187e+08 1.000000e-03
1.679200e+08 1.000000e-03
1.684212e+08 1.000000e-03
1.689225e+08 1.000000e-03
1.694237e+08 1.000000e-03
1.699250e+08 1.000000e-03
1.704262e+08 1.000000e-03
1.709275e+08 1.000000e-03
1.714287e+08 1.000000e-03
1.719300e+08 1.000000e-03
1.724312e+08 1.000000e-03
1.729325e+08 1.000000e-03
1.734337e+08 1.000000e-03
1.739350e+08 1.000000e-03
1.744362e+08 1.000000e-03
1.749375e+08 1.000000e-03
1.754387e+08 1.000000e-03
1.759400e+08 1.000000e-03
1.764412e+08 1.000000e-03
1.769425e+08 1.000000e-03
1.774437e+08 1.000000e-03
1.779450e+08 1.000000e-03
1.784462e+08 1.000000e-03
1.789475e+08 1.000000e-03
1.794487e+08 1.000000e-03
1.799500e+08 1.000000e-03
1.804512e+08 1.000000e-03
1.809525e+08 1.000000e-03
1.814537e+08 1.000000e-03
1.819550e+08 1.000000e-03
1.824562e+08 1.000000e-03
1.829575e+08 1.000000e-03
1.834587e+08 1.000000e-03
1.839600e+08 1.000000e-03
1.844612e+08 1.000000e-03
1.849625e+08 1.000000e-03
1.854637e+08 1.000000e-03
1.859650e+08 1.000000e-03
1.864662e+08 1.000000e-03
1.869675e+08 1.000000e-03
1.874687e+08 1.000000e-03
1.879700e+08 1.000000e-03
1.884712e+08 1.000000e-03
1.889725e+08 1.000000e-03
1.894737e+08 1.000000e-03
1.899750e+08 1.000000e-03
1.904762e+08 1.000000e-03
1.909775e+08 1.000000e-03
1.914787e+08 1.000000e-03
1.919800e+08 1.000000e-03
1.924812e+08 1.000000e-03
1.929825e+08 1.000000e-03
1.934837e+08 1.000000e-03
1.939850e+08 1.000000e-03
1.944862e+08 1.000000e-03
1.949875e+08 1.000000e-03
1.954887e+08 1.000000e-03
1.959900e+08 1.000000e-03
1.964912e+08 1.000000e-03
1.969925e+08 1.000000e-03
1.974937e+08 1.000000e-03
1.979950e+08 1.000000e-03
1.984962e+08 1.000000e-03
1.989975e+08 1.000000e-03
1.994987e+08 1.000000e-03
2.000000e+08 1.000000e-03
