# Models: X-axis(1) Expressions(2) Expressions(3)
# Labels: pc(1) kl(2) kg(3)
1.000000e+02 1.000000e+00 1.000000e+00
1.019262e+02 1.000000e+00 1.000000e+00
1.038896e+02 1.000000e+00 1.000000e+00
1.058907e+02 1.000000e+00 1.000000e+00
1.079304e+02 1.000000e+00 1.000000e+00
1.100094e+02 1.000000e+00 1.000000e+00
1.121285e+02 1.000000e+00 1.000000e+00
1.142883e+02 1.000000e+00 1.000000e+00
1.164898e+02 1.000000e+00 1.000000e+00
1.187337e+02 1.000000e+00 1.000000e+00
1.210208e+02 1.000000e+00 1.000000e+00
1.233519e+02 1.000000e+00 1.000000e+00
1.257280e+02 1.000000e+00 1.000000e+00
1.281498e+02 1.000000e+00 1.000000e+00
1.306182e+02 1.000000e+00 1.000000e+00
1.331343e+02 1.000000e+00 1.000000e+00
1.356987e+02 1.000000e+00 1.000000e+00
1.383126e+02 1.000000e+00 1.000000e+00
1.409768e+02 1.000000e+00 1.000000e+00
1.436924e+02 1.000000e+00 1.000000e+00
1.464603e+02 1.000000e+00 1.000000e+00
1.492814e+02 1.000000e+00 1.000000e+00
1.521569e+02 1.000000e+00 1.000000e+00
1.550878e+02 1.000000e+00 1.000000e+00
1.580752e+02 1.000000e+00 1.000000e+00
1.611201e+02 1.000000e+00 1.000000e+00
1.642237e+02 1.000000e+00 1.000000e+00
1.673870e+02 1.000000e+00 1.000000e+00
1.706113e+02 1.000000e+00 1.000000e+00
1.738976e+02 1.000000e+00 1.000000e+00
1.772473e+02 1.000000e+00 1.000000e+00
1.806615e+02 1.000000e+00 1.000000e+00
1.841415e+02 1.000000e+00 1.000000e+00
1.876885e+02 1.000000e+00 1.000000e+00
1.913038e+02 1.000000e+00 1.000000e+00
1.949888e+02 1.000000e+00 1.000000e+00
1.987447e+02 1.000000e+00 1.000000e+00
2.025730e+02 1.000000e+00 1.000000e+00
2.064750e+02 1.000000e+00 1.000000e+00
2.104522e+02 1.000000e+00 1.000000e+00
2.145060e+02 1.000000e+00 1.000000e+00
2.186379e+02 1.000000e+00 1.000000e+00
2.228494e+02 1.000000e+00 1.000000e+00
2.271420e+02 1.000000e+00 1.000000e+00
2.315173e+02 1.000000e+00 1.000000e+00
2.359769e+02 1.000000e+00 1.000000e+00
2.405224e+02 1.000000e+00 1.000000e+00
2.451554e+02 1.000000e+00 1.000000e+00
2.498777e+02 1.000000e+00 1.000000e+00
2.546909e+02 1.000000e+00 1.000000e+00
2.595969e+02 1.000000e+00 1.000000e+00
2.645973e+02 1.000000e+00 1.000000e+00
2.696941e+02 1.000000e+00 1.000000e+00
2.748890e+02 1.000000e+00 1.000000e+00
2.801840e+02 1.000000e+00 1.000000e+00
2.855810e+02 1.000000e+00 1.000000e+00
2.910820e+02 1.000000e+00 1.000000e+00
2.966889e+02 1.000000e+00 1.000000e+00
3.024039e+02 1.000000e+00 1.000000e+00
3.082289e+02 1.000000e+00 1.000000e+00
3.141661e+02 1.000000e+00 1.000000e+00
3.202177e+02 1.000000e+00 1.000000e+00
3.263858e+02 1.000000e+00 1.000000e+00
3.326728e+02 1.000000e+00 1.000000e+00
3.390809e+02 1.000000e+00 1.000000e+00
3.456124e+02 1.000000e+00 1.000000e+00
3.522697e+02 1.000000e+00 1.000000e+00
3.590552e+02 1.000000e+00 1.000000e+00
3.659715e+02 1.000000e+00 1.000000e+00
3.730209e+02 1.000000e+00 1.000000e+00
3.802062e+02 1.000000e+00 1.000000e+00
3.875299e+02 1.000000e+00 1.000000e+00
3.949946e+02 1.000000e+00 1.000000e+00
4.026032e+02 1.000000e+00 1.000000e+00
4.103582e+02 1.000000e+00 1.000000e+00
4.182627e+02 1.000000e+00 1.000000e+00
4.263194e+02 1.000000e+00 1.000000e+00
4.345314e+02 1.000000e+00 1.000000e+00
4.429015e+02 1.000000e+00 1.000000e+00
4.514328e+02 1.000000e+00 1.000000e+00
4.601285e+02 1.000000e+00 1.000000e+00
4.689916e+02 1.000000e+00 1.000000e+00
4.780255e+02 1.000000e+00 1.000000e+00
4.872334e+02 1.000000e+00 1.000000e+00
4.966187e+02 1.000000e+00 1.000000e+00
5.061847e+02 1.000000e+00 1.000000e+00
5.159350e+02 1.000000e+00 1.000000e+00
5.258732e+02 1.000000e+00 1.000000e+00
5.360027e+02 1.000000e+00 1.000000e+00
5.463274e+02 1.000000e+00 1.000000e+00
5.568510e+02 1.000000e+00 1.000000e+00
5.675772e+02 1.000000e+00 1.000000e+00
5.785101e+02 1.000000e+00 1.000000e+00
5.896536e+02 1.000000e+00 1.000000e+00
6.010117e+02 1.000000e+00 1.000000e+00
6.125886e+02 1.000000e+00 1.000000e+00
6.243885e+02 1.000000e+00 1.000000e+00
6.364157e+02 1.000000e+00 1.000000e+00
6.486746e+02 1.000000e+00 1.000000e+00
6.611696e+02 1.000000e+00 1.000000e+00
6.739053e+02 1.000000e+00 1.000000e+00
6.868863e+02 1.000000e+00 1.000000e+00
7.001173e+02 1.000000e+00 1.000000e+00
7.136033e+02 1.000000e+00 1.000000e+00
7.273490e+02 1.000000e+00 1.000000e+00
7.413594e+02 1.000000e+00 1.000000e+00
7.556397e+02 1.000000e+00 1.000000e+00
7.701952e+02 1.000000e+00 1.000000e+00
7.850309e+02 1.000000e+00 1.000000e+00
8.001525e+02 1.000000e+00 1.000000e+00
8.155653e+02 1.000000e+00 1.000000e+00
8.312750e+02 1.000000e+00 1.000000e+00
8.472874e+02 1.000000e+00 1.000000e+00
8.636081e+02 1.000000e+00 1.000000e+00
8.802432e+02 1.000000e+00 1.000000e+00
8.971988e+02 1.000000e+00 1.000000e+00
9.144810e+02 1.000000e+00 1.000000e+00
9.320961e+02 1.000000e+00 1.000000e+00
9.500504e+02 1.000000e+00 1.000000e+00
9.683506e+02 1.000000e+00 1.000000e+00
9.870034e+02 1.000000e+00 1.000000e+00
1.006015e+03 1.000000e+00 1.000000e+00
1.025394e+03 1.000000e+00 1.000000e+00
1.045145e+03 1.000000e+00 1.000000e+00
1.065277e+03 1.000000e+00 1.000000e+00
1.085797e+03 1.000000e+00 1.000000e+00
1.106712e+03 1.000000e+00 1.000000e+00
1.128030e+03 1.000000e+00 1.000000e+00
1.149758e+03 1.000000e+00 1.000000e+00
1.171905e+03 1.000000e+00 1.000000e+00
1.194479e+03 1.000000e+00 1.000000e+00
1.217487e+03 1.000000e+00 1.000000e+00
1.240939e+03 1.000000e+00 1.000000e+00
1.264843e+03 1.000000e+00 1.000000e+00
1.289206e+03 1.000000e+00 1.000000e+00
1.314040e+03 1.000000e+00 1.000000e+00
1.339351e+03 1.000000e+00 1.000000e+00
1.365150e+03 1.000000e+00 1.000000e+00
1.391446e+03 1.000000e+00 1.000000e+00
1.418249e+03 1.000000e+00 1.000000e+00
1.445568e+03 1.000000e+00 1.000000e+00
1.473413e+03 1.000000e+00 1.000000e+00
1.501794e+03 1.000000e+00 1.000000e+00
1.530722e+03 1.000000e+00 1.000000e+00
1.560208e+03 1.000000e+00 1.000000e+00
1.590261e+03 1.000000e+00 1.000000e+00
1.620893e+03 1.000000e+00 1.000000e+00
1.652115e+03 1.000000e+00 1.000000e+00
1.683939e+03 1.000000e+00 1.000000e+00
1.716375e+03 1.000000e+00 1.000000e+00
1.749437e+03 1.000000e+00 1.000000e+00
1.783135e+03 1.000000e+00 1.000000e+00
1.817483e+03 1.000000e+00 1.000000e+00
1.852492e+03 1.000000e+00 1.000000e+00
1.888175e+03 1.000000e+00 1.000000e+00
1.924546e+03 1.000000e+00 1.000000e+00
1.961617e+03 1.000000e+00 1.000000e+00
1.999402e+03 1.000000e+00 1.000000e+00
2.037916e+03 1.000000e+00 1.000000e+00
2.077171e+03 1.000000e+00 1.000000e+00
2.117182e+03 1.000000e+00 1.000000e+00
2.157964e+03 1.000000e+00 1.000000e+00
2.199531e+03 1.000000e+00 1.000000e+00
2.241900e+03 1.000000e+00 1.000000e+00
2.285084e+03 1.000000e+00 1.000000e+00
2.329100e+03 1.000000e+00 1.000000e+00
2.373964e+03 1.000000e+00 1.000000e+00
2.419692e+03 1.000000e+00 1.000000e+00
2.466301e+03 1.000000e+00 1.000000e+00
2.513808e+03 1.000000e+00 1.000000e+00
2.562230e+03 1.000000e+00 1.000000e+00
2.611584e+03 1.000000e+00 1.000000e+00
2.661890e+03 1.000000e+00 1.000000e+00
2.713164e+03 1.000000e+00 1.000000e+00
2.765426e+03 1.000000e+00 1.000000e+00
2.818695e+03 1.000000e+00 1.000000e+00
2.872989e+03 1.000000e+00 1.000000e+00
2.928330e+03 1.000000e+00 1.000000e+00
2.984736e+03 1.000000e+00 1.000000e+00
3.042229e+03 1.000000e+00 1.000000e+00
3.100830e+03 1.000000e+00 1.000000e+00
3.160559e+03 1.000000e+00 1.000000e+00
3.221439e+03 1.000000e+00 1.000000e+00
3.283492e+03 1.000000e+00 1.000000e+00
3.346739e+03 1.000000e+00 1.000000e+00
3.411206e+03 1.000000e+00 1.000000e+00
3.476913e+03 1.000000e+00 1.000000e+00
3.543887e+03 1.000000e+00 1.000000e+00
3.612151e+03 1.000000e+00 1.000000e+00
3.681729e+03 1.000000e+00 1.000000e+00
3.752648e+03 1.000000e+00 1.000000e+00
3.824933e+03 1.000000e+00 1.000000e+00
3.898610e+03 1.000000e+00 1.000000e+00
3.973707e+03 1.000000e+00 1.000000e+00
4.050250e+03 1.000000e+00 1.000000e+00
4.128267e+03 1.000000e+00 1.000000e+00
4.207787e+03 1.000000e+00 1.000000e+00
4.288839e+03 1.000000e+00 1.000000e+00
4.371452e+03 1.000000e+00 1.000000e+00
4.455657e+03 1.000000e+00 1.000000e+00
4.541483e+03 1.000000e+00 1.000000e+00
4.628963e+03 1.000000e+00 1.000000e+00
4.718128e+03 1.000000e+00 1.000000e+00
4.809010e+03 1.000000e+00 1.000000e+00
4.901643e+03 1.000000e+00 1.000000e+00
4.996060e+03 1.000000e+00 1.000000e+00
5.092296e+03 1.000000e+00 1.000000e+00
5.190386e+03 1.000000e+00 1.000000e+00
5.290365e+03 1.000000e+00 1.000000e+00
5.392270e+03 1.000000e+00 1.000000e+00
5.496138e+03 1.000000e+00 1.000000e+00
5.602006e+03 1.000000e+00 1.000000e+00
5.709914e+03 1.000000e+00 1.000000e+00
5.819901e+03 1.000000e+00 1.000000e+00
5.932006e+03 1.000000e+00 1.000000e+00
6.046270e+03 1.000000e+00 1.000000e+00
6.162736e+03 1.000000e+00 1.000000e+00
6.281445e+03 1.000000e+00 1.000000e+00
6.402440e+03 1.000000e+00 1.000000e+00
6.525766e+03 1.000000e+00 1.000000e+00
6.651468e+03 1.000000e+00 1.000000e+00
6.779591e+03 1.000000e+00 1.000000e+00
6.910182e+03 1.000000e+00 1.000000e+00
7.043288e+03 1.000000e+00 1.000000e+00
7.178959e+03 1.000000e+00 1.000000e+00
7.317242e+03 1.000000e+00 1.000000e+00
7.458190e+03 1.000000e+00 1.000000e+00
7.601852e+03 1.000000e+00 1.000000e+00
7.748282e+03 1.000000e+00 1.000000e+00
7.897532e+03 1.000000e+00 1.000000e+00
8.049657e+03 1.000000e+00 1.000000e+00
8.204713e+03 1.000000e+00 1.000000e+00
8.362755e+03 1.000000e+00 1.000000e+00
8.523841e+03 1.000000e+00 1.000000e+00
8.688031e+03 1.000000e+00 1.000000e+00
8.855383e+03 1.000000e+00 1.000000e+00
9.025958e+03 1.000000e+00 1.000000e+00
9.199819e+03 1.000000e+00 1.000000e+00
9.377030e+03 1.000000e+00 1.000000e+00
9.557653e+03 1.000000e+00 1.000000e+00
9.741757e+03 1.000000e+00 1.000000e+00
9.929406e+03 1.000000e+00 1.000000e+00
1.012067e+04 1.000000e+00 1.000000e+00
1.031562e+04 1.000000e+00 1.000000e+00
1.051432e+04 1.000000e+00 1.000000e+00
1.071685e+04 1.000000e+00 1.000000e+00
1.092328e+04 1.000000e+00 1.000000e+00
1.113369e+04 1.000000e+00 1.000000e+00
1.134815e+04 1.000000e+00 1.000000e+00
1.156675e+04 1.000000e+00 1.000000e+00
1.178955e+04 1.000000e+00 1.000000e+00
1.201664e+04 1.000000e+00 1.000000e+00
1.224811e+04 1.000000e+00 1.000000e+00
1.248404e+04 1.000000e+00 1.000000e+00
1.272451e+04 1.000000e+00 1.000000e+00
1.296962e+04 1.000000e+00 1.000000e+00
1.321944e+04 1.000000e+00 1.000000e+00
1.347408e+04 1.000000e+00 1.000000e+00
1.373362e+04 1.000000e+00 1.000000e+00
1.399816e+04 1.000000e+00 1.000000e+00
1.426780e+04 1.000000e+00 1.000000e+00
1.454263e+04 1.000000e+00 1.000000e+00
1.482276e+04 1.000000e+00 1.000000e+00
1.510828e+04 1.000000e+00 1.000000e+00
1.539930e+04 1.000000e+00 1.000000e+00
1.569593e+04 1.000000e+00 1.000000e+00
1.599827e+04 1.000000e+00 1.000000e+00
1.630643e+04 1.000000e+00 1.000000e+00
1.662053e+04 1.000000e+00 1.000000e+00
1.694068e+04 1.000000e+00 1.000000e+00
1.726700e+04 1.000000e+00 1.000000e+00
1.759960e+04 1.000000e+00 1.000000e+00
1.793861e+04 1.000000e+00 1.000000e+00
1.828416e+04 1.000000e+00 1.000000e+00
1.863635e+04 1.000000e+00 1.000000e+00
1.899533e+04 1.000000e+00 1.000000e+00
1.936123e+04 1.000000e+00 1.000000e+00
1.973417e+04 1.000000e+00 1.000000e+00
2.011430e+04 1.000000e+00 1.000000e+00
2.050174e+04 1.000000e+00 1.000000e+00
2.089666e+04 1.000000e+00 1.000000e+00
2.129918e+04 1.000000e+00 1.000000e+00
2.170945e+04 1.000000e+00 1.000000e+00
2.212762e+04 1.000000e+00 1.000000e+00
2.255385e+04 1.000000e+00 1.000000e+00
2.298829e+04 1.000000e+00 1.000000e+00
2.343110e+04 1.000000e+00 1.000000e+00
2.388244e+04 1.000000e+00 1.000000e+00
2.434247e+04 1.000000e+00 1.000000e+00
2.481137e+04 1.000000e+00 1.000000e+00
2.528929e+04 1.000000e+00 1.000000e+00
2.577643e+04 1.000000e+00 1.000000e+00
2.627294e+04 1.000000e+00 1.000000e+00
2.677902e+04 1.000000e+00 1.000000e+00
2.729485e+04 1.000000e+00 1.000000e+00
2.782061e+04 1.000000e+00 1.000000e+00
2.835650e+04 1.000000e+00 1.000000e+00
2.890271e+04 1.000000e+00 1.000000e+00
2.945945e+04 1.000000e+00 1.000000e+00
3.002691e+04 1.000000e+00 1.000000e+00
3.060530e+04 1.000000e+00 1.000000e+00
3.119483e+04 1.000000e+00 1.000000e+00
3.179571e+04 1.000000e+00 1.000000e+00
3.240817e+04 1.000000e+00 1.000000e+00
3.303243e+04 1.000000e+00 1.000000e+00
3.366871e+04 1.000000e+00 1.000000e+00
3.431725e+04 1.000000e+00 1.000000e+00
3.497828e+04 1.000000e+00 1.000000e+00
3.565205e+04 1.000000e+00 1.000000e+00
3.633879e+04 1.000000e+00 1.000000e+00
3.703876e+04 1.000000e+00 1.000000e+00
3.775222e+04 1.000000e+00 1.000000e+00
3.847941e+04 1.000000e+00 1.000000e+00
3.922062e+04 1.000000e+00 1.000000e+00
3.997610e+04 1.000000e+00 1.000000e+00
4.074613e+04 1.000000e+00 1.000000e+00
4.153100e+04 1.000000e+00 1.000000e+00
4.233099e+04 1.000000e+00 1.000000e+00
4.314638e+04 1.000000e+00 1.000000e+00
4.397748e+04 1.000000e+00 1.000000e+00
4.482459e+04 1.000000e+00 1.000000e+00
4.568802e+04 1.000000e+00 1.000000e+00
4.656808e+04 1.000000e+00 1.000000e+00
4.746509e+04 1.000000e+00 1.000000e+00
4.837938e+04 1.000000e+00 1.000000e+00
4.931128e+04 1.000000e+00 1.000000e+00
5.026114e+04 1.000000e+00 1.000000e+00
5.122928e+04 1.000000e+00 1.000000e+00
5.221608e+04 1.000000e+00 1.000000e+00
5.322189e+04 1.000000e+00 1.000000e+00
5.424707e+04 1.000000e+00 1.000000e+00
5.529199e+04 1.000000e+00 1.000000e+00
5.635705e+04 1.000000e+00 1.000000e+00
5.744262e+04 1.000000e+00 1.000000e+00
5.854910e+04 1.000000e+00 1.000000e+00
5.967689e+04 1.000000e+00 1.000000e+00
6.082641e+04 1.000000e+00 1.000000e+00
6.199807e+04 1.000000e+00 1.000000e+00
6.319230e+04 1.000000e+00 1.000000e+00
6.440953e+04 1.000000e+00 1.000000e+00
6.565021e+04 1.000000e+00 1.000000e+00
6.691479e+04 1.000000e+00 1.000000e+00
6.820373e+04 1.000000e+00 1.000000e+00
6.951749e+04 1.000000e+00 1.000000e+00
7.085656e+04 8.824642e-01 1.000000e+00
7.222143e+04 7.252888e-01 1.000000e+00
7.361258e+04 5.961088e-01 1.000000e+00
7.503054e+04 4.899359e-01 1.000000e+00
7.647580e+04 4.026742e-01 1.000000e+00
7.794891e+04 3.309540e-01 1.000000e+00
7.945039e+04 2.720081e-01 1.000000e+00
8.098079e+04 2.235611e-01 1.000000e+00
8.254067e+04 1.837429e-01 1.000000e+00
8.413060e+04 1.510166e-01 1.000000e+00
8.575115e+04 1.241192e-01 1.000000e+00
8.740292e+04 1.020125e-01 1.000000e+00
8.908651e+04 8.384310e-02 1.000000e+00
9.080253e+04 6.890986e-02 1.000000e+00
9.255160e+04 5.663640e-02 1.000000e+00
9.433436e+04 4.654896e-02 1.000000e+00
9.615146e+04 3.825818e-02 1.000000e+00
9.800357e+04 3.144403e-02 1.000000e+00
9.989135e+04 2.584357e-02 1.000000e+00
1.018155e+05 2.124058e-02 1.000000e+00
1.037767e+05 1.745745e-02 1.000000e+00
1.057757e+05 1.434810e-02 1.000000e+00
1.078132e+05 1.179256e-02 1.000000e+00
1.098899e+05 9.692236e-03 1.000000e+00
1.120067e+05 7.965917e-03 1.000000e+00
1.141642e+05 6.547123e-03 1.000000e+00
1.163632e+05 5.381056e-03 1.000000e+00
1.186047e+05 4.422614e-03 1.000000e+00
1.208893e+05 3.909519e-03 1.000000e+00
1.232179e+05 3.878553e-03 1.000000e+00
1.255914e+05 3.847831e-03 1.000000e+00
1.280105e+05 3.817355e-03 1.000000e+00
1.304763e+05 3.787118e-03 1.000000e+00
1.329896e+05 3.757121e-03 1.000000e+00
1.355513e+05 3.727362e-03 1.000000e+00
1.381623e+05 3.697839e-03 1.000000e+00
1.408237e+05 3.668549e-03 1.000000e+00
1.435363e+05 3.639491e-03 1.000000e+00
1.463011e+05 3.610664e-03 1.000000e+00
1.491192e+05 3.582065e-03 1.000000e+00
1.519916e+05 3.553693e-03 1.000000e+00
1.549193e+05 3.525545e-03 1.000000e+00
1.579034e+05 3.497620e-03 1.000000e+00
1.609450e+05 3.469916e-03 1.000000e+00
1.640452e+05 3.442432e-03 1.000000e+00
1.672051e+05 3.415165e-03 1.000000e+00
1.704259e+05 3.388114e-03 1.000000e+00
1.737087e+05 3.361278e-03 1.000000e+00
1.770547e+05 3.334655e-03 1.000000e+00
1.804652e+05 3.308242e-03 1.000000e+00
1.839414e+05 3.282038e-03 1.000000e+00
1.874846e+05 3.256041e-03 1.000000e+00
1.910960e+05 3.230251e-03 1.000000e+00
1.947769e+05 3.204666e-03 1.000000e+00
1.985288e+05 3.179282e-03 1.000000e+00
2.023529e+05 3.154100e-03 1.000000e+00
2.062507e+05 3.129117e-03 1.000000e+00
2.102236e+05 3.104332e-03 1.000000e+00
2.142730e+05 3.079744e-03 1.000000e+00
2.184004e+05 3.055350e-03 1.000000e+00
2.226073e+05 3.031149e-03 1.000000e+00
2.268952e+05 3.007141e-03 1.000000e+00
2.312658e+05 2.983322e-03 1.000000e+00
2.357205e+05 2.959692e-03 1.000000e+00
2.402610e+05 2.936249e-03 1.000000e+00
2.448890e+05 2.912992e-03 1.000000e+00
2.496062e+05 2.889918e-03 1.000000e+00
2.544142e+05 2.867028e-03 1.000000e+00
2.593148e+05 2.844319e-03 1.000000e+00
2.643098e+05 2.821790e-03 1.000000e+00
2.694011e+05 2.799439e-03 1.000000e+00
2.745904e+05 2.777266e-03 1.000000e+00
2.798796e+05 2.755268e-03 1.000000e+00
2.852708e+05 2.733444e-03 1.000000e+00
2.907657e+05 2.711794e-03 1.000000e+00
2.963666e+05 2.690314e-03 1.000000e+00
3.020753e+05 2.669005e-03 1.000000e+00
3.078940e+05 2.647864e-03 1.000000e+00
3.138248e+05 2.626891e-03 1.000000e+00
3.198698e+05 2.606084e-03 1.000000e+00
3.260312e+05 2.585442e-03 1.000000e+00
3.323113e+05 2.564964e-03 1.000000e+00
3.387124e+05 2.544647e-03 1.000000e+00
3.452368e+05 2.524492e-03 1.000000e+00
3.518869e+05 2.504496e-03 1.000000e+00
3.586651e+05 2.484659e-03 1.000000e+00
3.655738e+05 2.464978e-03 1.000000e+00
3.726157e+05 2.445454e-03 1.000000e+00
3.797931e+05 2.426084e-03 1.000000e+00
3.871088e+05 2.406868e-03 1.000000e+00
3.945655e+05 2.387803e-03 1.000000e+00
4.021657e+05 2.368890e-03 1.000000e+00
4.099124e+05 2.350127e-03 1.000000e+00
4.178083e+05 2.331512e-03 1.000000e+00
4.258562e+05 2.313045e-03 1.000000e+00
4.340592e+05 2.294724e-03 1.000000e+00
4.424202e+05 2.276548e-03 1.000000e+00
4.509423e+05 2.258516e-03 1.000000e+00
4.596285e+05 2.240627e-03 1.000000e+00
4.684821e+05 2.222880e-03 1.000000e+00
4.775061e+05 2.205273e-03 1.000000e+00
4.867040e+05 2.187806e-03 1.000000e+00
4.960791e+05 2.170477e-03 1.000000e+00
5.056348e+05 2.153285e-03 1.000000e+00
5.153745e+05 2.136229e-03 1.000000e+00
5.253018e+05 2.119309e-03 1.000000e+00
5.354204e+05 2.102522e-03 1.000000e+00
5.457338e+05 2.085869e-03 1.000000e+00
5.562459e+05 2.069347e-03 1.000000e+00
5.669606e+05 2.052956e-03 1.000000e+00
5.778816e+05 2.036695e-03 1.000000e+00
5.890129e+05 2.020563e-03 1.000000e+00
6.003587e+05 2.004559e-03 1.000000e+00
6.119230e+05 1.988682e-03 1.000000e+00
6.237101e+05 1.972930e-03 1.000000e+00
6.357243e+05 1.957303e-03 1.000000e+00
6.479698e+05 1.941799e-03 1.000000e+00
6.604512e+05 1.926419e-03 1.000000e+00
6.731731e+05 1.911160e-03 1.000000e+00
6.861400e+05 1.896022e-03 1.000000e+00
6.993567e+05 1.881005e-03 1.000000e+00
7.128279e+05 1.866106e-03 1.000000e+00
7.265587e+05 1.851325e-03 1.000000e+00
7.405539e+05 1.836661e-03 1.000000e+00
7.548187e+05 1.822113e-03 1.000000e+00
7.693583e+05 1.807681e-03 1.000000e+00
7.841780e+05 1.793363e-03 1.000000e+00
7.992831e+05 1.779158e-03 1.000000e+00
8.146792e+05 1.765066e-03 1.000000e+00
8.303719e+05 1.751085e-03 1.000000e+00
8.463668e+05 1.737215e-03 1.000000e+00
8.626698e+05 1.723455e-03 1.000000e+00
8.792869e+05 1.709804e-03 1.000000e+00
8.962240e+05 1.696261e-03 1.000000e+00
9.134874e+05 1.682826e-03 1.000000e+00
9.310833e+05 1.669496e-03 1.000000e+00
9.490182e+05 1.656273e-03 1.000000e+00
9.672985e+05 1.643154e-03 1.000000e+00
9.859310e+05 1.630139e-03 1.000000e+00
1.004922e+06 1.617227e-03 1.000000e+00
1.024280e+06 1.604417e-03 1.000000e+00
1.044010e+06 1.591709e-03 1.000000e+00
1.064120e+06 1.579102e-03 1.000000e+00
1.084617e+06 1.566594e-03 1.000000e+00
1.105509e+06 1.554186e-03 1.000000e+00
1.126804e+06 1.541875e-03 1.000000e+00
1.148509e+06 1.529663e-03 1.000000e+00
1.170632e+06 1.517546e-03 1.000000e+00
1.193181e+06 1.505526e-03 1.000000e+00
1.216165e+06 1.493601e-03 1.000000e+00
1.239591e+06 1.481771e-03 1.000000e+00
1.263468e+06 1.470035e-03 1.000000e+00
1.287806e+06 1.458391e-03 1.000000e+00
1.312612e+06 1.446839e-03 1.000000e+00
1.337896e+06 1.435379e-03 1.000000e+00
1.363667e+06 1.424010e-03 1.000000e+00
1.389934e+06 1.412731e-03 1.000000e+00
1.416708e+06 1.401541e-03 1.000000e+00
1.443997e+06 1.390440e-03 1.000000e+00
1.471812e+06 1.379426e-03 1.000000e+00
1.500162e+06 1.368500e-03 1.000000e+00
1.529059e+06 1.357661e-03 1.000000e+00
1.558512e+06 1.346907e-03 1.000000e+00
1.588533e+06 1.336239e-03 1.000000e+00
1.619132e+06 1.325655e-03 1.000000e+00
1.650320e+06 1.315154e-03 1.000000e+00
1.682109e+06 1.304737e-03 1.000000e+00
1.714511e+06 1.294403e-03 1.000000e+00
1.747536e+06 1.284150e-03 1.000000e+00
1.781198e+06 1.273979e-03 1.000000e+00
1.815508e+06 1.263888e-03 1.000000e+00
1.850479e+06 1.253877e-03 1.000000e+00
1.886124e+06 1.243945e-03 1.000000e+00
1.922455e+06 1.234093e-03 1.000000e+00
1.959486e+06 1.224318e-03 1.000000e+00
1.997230e+06 1.214620e-03 1.000000e+00
2.035701e+06 1.205000e-03 1.000000e+00
2.074914e+06 1.195455e-03 1.000000e+00
2.114882e+06 1.185986e-03 1.000000e+00
2.155619e+06 1.176592e-03 1.000000e+00
2.197142e+06 1.167273e-03 1.000000e+00
2.239464e+06 1.158027e-03 1.000000e+00
2.282601e+06 1.148855e-03 1.000000e+00
2.326569e+06 1.139755e-03 1.000000e+00
2.371385e+06 1.130727e-03 1.000000e+00
2.417063e+06 1.121771e-03 1.000000e+00
2.463621e+06 1.112886e-03 1.000000e+00
2.511077e+06 1.104071e-03 1.000000e+00
2.559446e+06 1.095326e-03 1.000000e+00
2.608747e+06 1.086650e-03 1.000000e+00
2.658997e+06 1.078043e-03 1.000000e+00
2.710216e+06 1.069504e-03 1.000000e+00
2.762421e+06 1.061033e-03 1.000000e+00
2.815632e+06 1.052629e-03 1.000000e+00
2.869868e+06 1.044291e-03 1.000000e+00
2.925148e+06 1.036020e-03 1.000000e+00
2.981493e+06 1.027814e-03 1.000000e+00
3.038924e+06 1.019673e-03 1.000000e+00
3.097461e+06 1.011596e-03 1.000000e+00
3.157125e+06 1.003584e-03 1.000000e+00
3.217939e+06 9.956344e-04 1.000000e+00
3.279924e+06 9.877482e-04 1.000000e+00
3.343103e+06 9.799246e-04 1.000000e+00
3.407499e+06 9.721628e-04 1.000000e+00
3.473136e+06 9.644625e-04 1.000000e+00
3.540037e+06 9.568233e-04 1.000000e+00
3.608226e+06 9.492446e-04 1.000000e+00
3.677729e+06 9.417259e-04 1.000000e+00
3.748571e+06 9.342667e-04 1.000000e+00
3.820777e+06 9.268667e-04 1.000000e+00
3.894374e+06 9.195252e-04 1.000000e+00
3.969389e+06 9.122419e-04 1.000000e+00
4.045849e+06 9.050163e-04 1.000000e+00
4.123782e+06 8.978478e-04 1.000000e+00
4.203215e+06 8.907363e-04 1.000000e+00
4.284179e+06 8.836810e-04 1.000000e+00
4.366703e+06 8.766816e-04 1.000000e+00
4.450816e+06 8.697376e-04 1.000000e+00
4.536549e+06 8.628487e-04 1.000000e+00
4.623934e+06 8.560142e-04 1.000000e+00
4.713002e+06 8.492340e-04 1.000000e+00
4.803785e+06 8.425075e-04 1.000000e+00
4.896317e+06 8.358342e-04 1.000000e+00
4.990632e+06 8.292138e-04 1.000000e+00
5.086763e+06 8.226458e-04 1.000000e+00
5.184747e+06 8.161298e-04 1.000000e+00
5.284617e+06 8.096655e-04 1.000000e+00
5.386411e+06 8.032524e-04 1.000000e+00
5.490166e+06 7.968900e-04 1.000000e+00
5.595920e+06 7.905781e-04 1.000000e+00
5.703710e+06 7.843161e-04 1.000000e+00
5.813577e+06 7.781038e-04 1.000000e+00
5.925561e+06 7.719406e-04 1.000000e+00
6.039701e+06 7.658263e-04 1.000000e+00
6.156040e+06 7.597604e-04 1.000000e+00
6.274620e+06 7.537425e-04 1.000000e+00
6.395484e+06 7.477723e-04 1.000000e+00
6.518676e+06 7.418494e-04 1.000000e+00
6.644241e+06 7.359734e-04 1.000000e+00
6.772225e+06 7.301440e-04 1.000000e+00
6.902674e+06 7.243607e-04 1.000000e+00
7.035636e+06 7.186232e-04 1.000000e+00
7.171159e+06 7.129312e-04 1.000000e+00
7.309292e+06 7.072843e-04 1.000000e+00
7.450086e+06 7.016821e-04 1.000000e+00
7.593593e+06 6.961242e-04 1.000000e+00
7.739863e+06 6.906104e-04 1.000000e+00
7.888951e+06 6.851403e-04 1.000000e+00
8.040911e+06 6.797135e-04 1.000000e+00
8.195798e+06 6.743297e-04 1.000000e+00
8.353669e+06 6.689885e-04 1.000000e+00
8.514580e+06 6.636896e-04 1.000000e+00
8.678591e+06 6.584327e-04 1.000000e+00
8.845761e+06 6.532174e-04 1.000000e+00
9.016151e+06 6.480435e-04 1.000000e+00
9.189824e+06 6.429105e-04 1.000000e+00
9.366842e+06 6.378182e-04 1.000000e+00
9.547269e+06 6.327662e-04 1.000000e+00
9.731172e+06 6.277542e-04 1.000000e+00
9.918617e+06 6.227820e-04 1.000000e+00
1.010967e+07 6.178492e-04 1.000000e+00
1.030441e+07 6.129552e-04 1.000000e+00
1.050290e+07 6.081001e-04 1.000000e+00
1.070521e+07 6.032835e-04 1.000000e+00
1.091142e+07 5.985050e-04 1.000000e+00
1.112159e+07 5.937647e-04 1.000000e+00
1.133582e+07 5.890616e-04 1.000000e+00
1.155418e+07 5.843957e-04 1.000000e+00
1.177674e+07 5.797668e-04 1.000000e+00
1.200359e+07 5.751746e-04 1.000000e+00
1.223480e+07 5.706190e-04 1.000000e+00
1.247048e+07 5.660991e-04 1.000000e+00
1.271069e+07 5.616152e-04 1.000000e+00
1.295552e+07 5.571669e-04 1.000000e+00
1.320508e+07 5.527536e-04 1.000000e+00
1.345944e+07 5.483755e-04 1.000000e+00
1.371870e+07 5.440319e-04 1.000000e+00
1.398295e+07 5.397229e-04 1.000000e+00
1.425230e+07 5.354478e-04 1.000000e+00
1.452683e+07 5.312067e-04 1.000000e+00
1.480665e+07 5.269992e-04 1.000000e+00
1.509186e+07 5.228250e-04 1.000000e+00
1.538257e+07 5.186837e-04 1.000000e+00
1.567887e+07 5.145755e-04 1.000000e+00
1.598089e+07 5.104995e-04 1.000000e+00
1.628872e+07 5.064560e-04 1.000000e+00
1.660247e+07 5.024446e-04 1.000000e+00
1.692228e+07 4.984648e-04 1.000000e+00
1.724824e+07 4.945166e-04 1.000000e+00
1.758048e+07 4.905997e-04 1.000000e+00
1.791912e+07 4.867138e-04 1.000000e+00
1.826429e+07 4.828587e-04 1.000000e+00
1.861610e+07 4.790341e-04 1.000000e+00
1.897469e+07 4.752398e-04 1.000000e+00
1.934019e+07 4.714755e-04 1.000000e+00
1.971273e+07 4.677411e-04 1.000000e+00
2.009244e+07 4.640363e-04 1.000000e+00
2.047947e+07 4.603607e-04 1.000000e+00
2.087395e+07 4.567144e-04 1.000000e+00
2.127603e+07 4.530969e-04 1.000000e+00
2.168586e+07 4.495080e-04 1.000000e+00
2.210358e+07 4.459476e-04 1.000000e+00
2.252935e+07 4.424153e-04 1.000000e+00
2.296332e+07 4.389110e-04 1.000000e+00
2.340565e+07 4.354345e-04 1.000000e+00
2.385649e+07 4.319856e-04 1.000000e+00
2.431603e+07 4.285639e-04 1.000000e+00
2.478441e+07 4.251694e-04 1.000000e+00
2.526182e+07 4.218018e-04 1.000000e+00
2.574842e+07 4.184608e-04 1.000000e+00
2.624439e+07 4.151463e-04 1.000000e+00
2.674992e+07 4.118580e-04 1.000000e+00
2.726519e+07 4.085958e-04 1.000000e+00
2.779038e+07 4.053594e-04 1.000000e+00
2.832569e+07 4.021487e-04 1.000000e+00
2.887131e+07 3.989634e-04 1.000000e+00
2.942744e+07 3.958033e-04 1.000000e+00
2.999428e+07 3.926683e-04 1.000000e+00
3.057204e+07 3.895580e-04 1.000000e+00
3.116093e+07 3.864725e-04 1.000000e+00
3.176117e+07 3.834113e-04 1.000000e+00
3.237296e+07 3.803744e-04 1.000000e+00
3.299654e+07 3.773616e-04 1.000000e+00
3.363213e+07 3.743726e-04 1.000000e+00
3.427997e+07 3.714073e-04 1.000000e+00
3.494028e+07 3.684655e-04 1.000000e+00
3.561331e+07 3.655470e-04 1.000000e+00
3.629931e+07 3.626515e-04 1.000000e+00
3.699852e+07 3.597791e-04 1.000000e+00
3.771120e+07 3.569294e-04 1.000000e+00
3.843761e+07 3.541022e-04 1.000000e+00
3.917801e+07 3.512975e-04 1.000000e+00
3.993267e+07 3.485149e-04 1.000000e+00
4.070186e+07 3.457545e-04 1.000000e+00
4.148588e+07 3.430158e-04 1.000000e+00
4.228499e+07 3.402989e-04 1.000000e+00
4.309950e+07 3.376035e-04 1.000000e+00
4.392970e+07 3.349294e-04 1.000000e+00
4.477589e+07 3.322765e-04 1.000000e+00
4.563838e+07 3.296447e-04 1.000000e+00
4.651748e+07 3.270336e-04 1.000000e+00
4.741352e+07 3.244433e-04 1.000000e+00
4.832682e+07 3.218734e-04 1.000000e+00
4.925771e+07 3.193240e-04 1.000000e+00
5.020653e+07 3.167947e-04 1.000000e+00
5.117362e+07 3.142855e-04 1.000000e+00
5.215935e+07 3.117961e-04 1.000000e+00
5.316406e+07 3.093264e-04 1.000000e+00
5.418813e+07 3.068763e-04 1.000000e+00
5.523192e+07 3.044457e-04 1.000000e+00
5.629581e+07 3.020342e-04 1.000000e+00
5.738020e+07 2.996419e-04 1.000000e+00
5.848548e+07 2.972685e-04 1.000000e+00
5.961205e+07 2.949139e-04 1.000000e+00
6.076032e+07 2.925780e-04 1.000000e+00
6.193071e+07 2.902606e-04 1.000000e+00
6.312364e+07 2.879615e-04 1.000000e+00
6.433955e+07 2.856806e-04 1.000000e+00
6.557888e+07 2.834178e-04 1.000000e+00
6.684209e+07 2.811729e-04 1.000000e+00
6.812962e+07 2.789459e-04 1.000000e+00
6.944196e+07 2.767364e-04 1.000000e+00
7.077958e+07 2.745444e-04 1.000000e+00
7.214296e+07 2.723699e-04 1.000000e+00
7.353260e+07 2.702125e-04 1.000000e+00
7.494902e+07 2.680722e-04 1.000000e+00
7.639271e+07 2.659489e-04 1.000000e+00
7.786422e+07 2.638424e-04 1.000000e+00
7.936406e+07 2.617526e-04 1.000000e+00
8.089280e+07 2.596793e-04 1.000000e+00
8.245099e+07 2.576224e-04 1.000000e+00
8.403919e+07 2.555819e-04 1.000000e+00
8.565799e+07 2.535575e-04 1.000000e+00
8.730796e+07 2.515491e-04 1.000000e+00
8.898972e+07 2.495567e-04 1.000000e+00
9.070387e+07 2.475800e-04 1.000000e+00
9.245104e+07 2.456190e-04 1.000000e+00
9.423187e+07 2.436735e-04 1.000000e+00
9.604700e+07 2.417434e-04 1.000000e+00
9.789709e+07 2.398286e-04 1.000000e+00
9.978282e+07 2.379290e-04 1.000000e+00
1.017049e+08 2.360444e-04 1.000000e+00
1.036639e+08 2.341749e-04 1.000000e+00
1.056608e+08 2.323199e-04 1.000000e+00
1.076960e+08 2.304799e-04 1.000000e+00
1.097705e+08 2.286543e-04 1.000000e+00
1.118850e+08 2.268431e-04 1.000000e+00
1.140401e+08 2.250464e-04 1.000000e+00
1.162368e+08 2.232639e-04 1.000000e+00
1.184758e+08 2.214954e-04 1.000000e+00
1.207579e+08 2.197411e-04 1.000000e+00
1.230840e+08 2.180005e-04 1.000000e+00
1.254549e+08 2.162738e-04 1.000000e+00
1.278715e+08 2.145607e-04 1.000000e+00
1.303346e+08 2.128613e-04 1.000000e+00
1.328451e+08 2.111753e-04 1.000000e+00
1.354040e+08 2.095026e-04 1.000000e+00
1.380122e+08 2.078432e-04 1.000000e+00
1.406707e+08 2.061969e-04 1.000000e+00
1.433803e+08 2.045637e-04 1.000000e+00
1.461422e+08 2.029434e-04 1.000000e+00
1.489572e+08 2.013359e-04 1.000000e+00
1.518265e+08 1.997412e-04 1.000000e+00
1.547510e+08 1.981591e-04 1.000000e+00
1.577319e+08 1.965895e-04 1.000000e+00
1.607702e+08 1.950324e-04 1.000000e+00
1.638670e+08 1.934876e-04 1.000000e+00
1.670235e+08 1.919550e-04 1.000000e+00
1.702407e+08 1.904346e-04 1.000000e+00
1.735200e+08 1.889262e-04 1.000000e+00
1.768624e+08 1.874298e-04 1.000000e+00
1.802692e+08 1.859452e-04 1.000000e+00
1.837416e+08 1.844724e-04 1.000000e+00
1.872809e+08 1.830112e-04 1.000000e+00
1.908883e+08 1.815617e-04 1.000000e+00
1.945653e+08 1.801236e-04 1.000000e+00
1.983131e+08 1.786969e-04 1.000000e+00
2.021331e+08 1.772814e-04 1.000000e+00
2.060266e+08 1.758773e-04 1.000000e+00
2.099952e+08 1.744842e-04 1.000000e+00
2.140402e+08 1.731021e-04 1.000000e+00
2.181631e+08 1.717310e-04 1.000000e+00
2.223654e+08 1.703708e-04 1.000000e+00
2.266487e+08 1.690214e-04 1.000000e+00
2.310145e+08 1.676826e-04 1.000000e+00
2.354644e+08 1.663544e-04 1.000000e+00
2.400000e+08 1.650368e-04 1.000000e+00
