# Models: X-axis(1) Expressions(2)
# Labels: pc(1) lc(2)
1.000000e+02 1.000002e+00
7.018541e+05 1.014402e+00
1.403608e+06 1.028806e+00
2.105362e+06 1.043209e+00
2.807117e+06 1.057605e+00
3.508871e+06 1.071990e+00
4.210625e+06 1.086356e+00
4.912379e+06 1.100699e+00
5.614133e+06 1.115012e+00
6.315887e+06 1.129291e+00
7.017641e+06 1.143530e+00
7.719395e+06 1.157723e+00
8.421150e+06 1.171866e+00
9.122904e+06 1.185952e+00
9.824658e+06 1.199976e+00
1.052641e+07 1.213935e+00
1.122817e+07 1.227822e+00
1.192992e+07 1.241632e+00
1.263167e+07 1.255362e+00
1.333343e+07 1.269006e+00
1.403518e+07 1.282559e+00
1.473694e+07 1.296018e+00
1.543869e+07 1.309378e+00
1.614045e+07 1.322635e+00
1.684220e+07 1.335785e+00
1.754395e+07 1.348824e+00
1.824571e+07 1.361749e+00
1.894746e+07 1.374556e+00
1.964922e+07 1.387241e+00
2.035097e+07 1.399802e+00
2.105272e+07 1.412235e+00
2.175448e+07 1.424537e+00
2.245623e+07 1.436707e+00
2.315799e+07 1.448740e+00
2.385974e+07 1.460635e+00
2.456149e+07 1.472390e+00
2.526325e+07 1.484002e+00
2.596500e+07 1.495470e+00
2.666676e+07 1.506792e+00
2.736851e+07 1.517966e+00
2.807027e+07 1.528991e+00
2.877202e+07 1.539865e+00
2.947377e+07 1.550587e+00
3.017553e+07 1.561157e+00
3.087728e+07 1.571573e+00
3.157904e+07 1.581836e+00
3.228079e+07 1.591943e+00
3.298254e+07 1.601895e+00
3.368430e+07 1.611692e+00
3.438605e+07 1.621333e+00
3.508781e+07 1.630819e+00
3.578956e+07 1.640149e+00
3.649132e+07 1.649324e+00
3.719307e+07 1.658344e+00
3.789482e+07 1.667209e+00
3.859658e+07 1.675921e+00
3.929833e+07 1.684478e+00
4.000009e+07 1.692884e+00
4.070184e+07 1.701137e+00
4.140359e+07 1.709239e+00
4.210535e+07 1.717192e+00
4.280710e+07 1.724996e+00
4.350886e+07 1.732652e+00
4.421061e+07 1.740161e+00
4.491236e+07 1.747525e+00
4.561412e+07 1.754746e+00
4.631587e+07 1.761824e+00
4.701763e+07 1.768761e+00
4.771938e+07 1.775559e+00
4.842114e+07 1.782219e+00
4.912289e+07 1.788742e+00
4.982464e+07 1.795131e+00
5.052640e+07 1.801387e+00
5.122815e+07 1.807512e+00
5.192991e+07 1.813507e+00
5.263166e+07 1.819375e+00
5.333341e+07 1.825117e+00
5.403517e+07 1.830734e+00
5.473692e+07 1.836230e+00
5.543868e+07 1.841605e+00
5.614043e+07 1.846861e+00
5.684218e+07 1.852001e+00
5.754394e+07 1.857026e+00
5.824569e+07 1.861939e+00
5.894745e+07 1.866740e+00
5.964920e+07 1.871432e+00
6.035096e+07 1.876017e+00
6.105271e+07 1.880497e+00
6.175446e+07 1.884873e+00
6.245622e+07 1.889148e+00
6.315797e+07 1.893323e+00
6.385973e+07 1.897400e+00
6.456148e+07 1.901381e+00
6.526323e+07 1.905268e+00
6.596499e+07 1.909063e+00
6.666674e+07 1.912767e+00
6.736850e+07 1.916382e+00
6.807025e+07 1.919911e+00
6.877201e+07 1.923354e+00
6.947376e+07 1.926714e+00
7.017551e+07 1.929992e+00
7.087727e+07 1.933190e+00
7.157902e+07 1.936310e+00
7.228078e+07 1.939353e+00
7.298253e+07 1.942321e+00
7.368428e+07 1.945216e+00
7.438604e+07 1.948038e+00
7.508779e+07 1.950791e+00
7.578955e+07 1.953475e+00
7.649130e+07 1.956091e+00
7.719305e+07 1.958642e+00
7.789481e+07 1.961129e+00
7.859656e+07 1.963553e+00
7.929832e+07 1.965915e+00
8.000007e+07 1.968218e+00
8.070183e+07 1.970462e+00
8.140358e+07 1.972649e+00
8.210533e+07 1.974780e+00
8.280709e+07 1.976856e+00
8.350884e+07 1.978879e+00
8.421060e+07 1.980850e+00
8.491235e+07 1.982771e+00
8.561410e+07 1.984641e+00
8.631586e+07 1.986464e+00
8.701761e+07 1.988239e+00
8.771937e+07 1.989968e+00
8.842112e+07 1.991652e+00
8.912288e+07 1.993292e+00
8.982463e+07 1.994890e+00
9.052638e+07 1.996445e+00
9.122814e+07 1.997960e+00
9.192989e+07 1.999435e+00
9.263165e+07 2.000872e+00
9.333340e+07 2.002270e+00
9.403515e+07 2.003632e+00
9.473691e+07 2.004958e+00
9.543866e+07 2.006249e+00
9.614042e+07 2.007505e+00
9.684217e+07 2.008729e+00
9.754392e+07 2.009920e+00
9.824568e+07 2.011079e+00
9.894743e+07 2.012208e+00
9.964919e+07 2.013307e+00
1.003509e+08 2.014376e+00
1.010527e+08 2.015417e+00
1.017544e+08 2.016430e+00
1.024562e+08 2.017416e+00
1.031580e+08 2.018375e+00
1.038597e+08 2.019309e+00
1.045615e+08 2.020218e+00
1.052632e+08 2.021102e+00
1.059650e+08 2.021963e+00
1.066667e+08 2.022801e+00
1.073685e+08 2.023616e+00
1.080702e+08 2.024409e+00
1.087720e+08 2.025181e+00
1.094737e+08 2.025932e+00
1.101755e+08 2.026663e+00
1.108773e+08 2.027374e+00
1.115790e+08 2.028066e+00
1.122808e+08 2.028739e+00
1.129825e+08 2.029394e+00
1.136843e+08 2.030031e+00
1.143860e+08 2.030651e+00
1.150878e+08 2.031254e+00
1.157895e+08 2.031841e+00
1.164913e+08 2.032412e+00
1.171930e+08 2.032968e+00
1.178948e+08 2.033508e+00
1.185965e+08 2.034033e+00
1.192983e+08 2.034545e+00
1.200001e+08 2.035042e+00
1.207018e+08 2.035526e+00
1.214036e+08 2.035997e+00
1.221053e+08 2.036455e+00
1.228071e+08 2.036900e+00
1.235088e+08 2.037334e+00
1.242106e+08 2.037755e+00
1.249123e+08 2.038165e+00
1.256141e+08 2.038564e+00
1.263158e+08 2.038952e+00
1.270176e+08 2.039329e+00
1.277194e+08 2.039696e+00
1.284211e+08 2.040053e+00
1.291229e+08 2.040400e+00
1.298246e+08 2.040738e+00
1.305264e+08 2.041067e+00
1.312281e+08 2.041386e+00
1.319299e+08 2.041697e+00
1.326316e+08 2.041999e+00
1.333334e+08 2.042293e+00
1.340351e+08 2.042579e+00
1.347369e+08 2.042857e+00
1.354386e+08 2.043127e+00
1.361404e+08 2.043390e+00
1.368422e+08 2.043646e+00
1.375439e+08 2.043895e+00
1.382457e+08 2.044137e+00
1.389474e+08 2.044372e+00
1.396492e+08 2.044601e+00
1.403509e+08 2.044824e+00
1.410527e+08 2.045040e+00
1.417544e+08 2.045250e+00
1.424562e+08 2.045455e+00
1.431579e+08 2.045654e+00
1.438597e+08 2.045848e+00
1.445615e+08 2.046036e+00
1.452632e+08 2.046219e+00
1.459650e+08 2.046397e+00
1.466667e+08 2.046571e+00
1.473685e+08 2.046739e+00
1.480702e+08 2.046903e+00
1.487720e+08 2.047062e+00
1.494737e+08 2.047217e+00
1.501755e+08 2.047367e+00
1.508772e+08 2.047514e+00
1.515790e+08 2.047656e+00
1.522807e+08 2.047795e+00
1.529825e+08 2.047930e+00
1.536843e+08 2.048061e+00
1.543860e+08 2.048188e+00
1.550878e+08 2.048312e+00
1.557895e+08 2.048432e+00
1.564913e+08 2.048549e+00
1.571930e+08 2.048663e+00
1.578948e+08 2.048774e+00
1.585965e+08 2.048882e+00
1.592983e+08 2.048986e+00
1.600000e+08 2.049088e+00
1.607018e+08 2.049187e+00
1.614036e+08 2.049284e+00
1.621053e+08 2.049377e+00
1.628071e+08 2.049468e+00
1.635088e+08 2.049557e+00
1.642106e+08 2.049643e+00
1.649123e+08 2.049727e+00
1.656141e+08 2.049808e+00
1.663158e+08 2.049887e+00
1.670176e+08 2.049964e+00
1.677193e+08 2.050039e+00
1.684211e+08 2.050112e+00
1.691228e+08 2.050183e+00
1.698246e+08 2.050252e+00
1.705264e+08 2.050319e+00
1.712281e+08 2.050384e+00
1.719299e+08 2.050447e+00
1.726316e+08 2.050508e+00
1.733334e+08 2.050568e+00
1.740351e+08 2.050626e+00
1.747369e+08 2.050683e+00
1.754386e+08 2.050738e+00
1.761404e+08 2.050792e+00
1.768421e+08 2.050844e+00
1.775439e+08 2.050894e+00
1.782457e+08 2.050943e+00
1.789474e+08 2.050991e+00
1.796492e+08 2.051038e+00
1.803509e+08 2.051083e+00
1.810527e+08 2.051127e+00
1.817544e+08 2.051170e+00
1.824562e+08 2.051211e+00
1.831579e+08 2.051252e+00
1.838597e+08 2.051291e+00
1.845614e+08 2.051329e+00
1.852632e+08 2.051366e+00
1.859649e+08 2.051402e+00
1.866667e+08 2.051437e+00
1.873685e+08 2.051472e+00
1.880702e+08 2.051505e+00
1.887720e+08 2.051537e+00
1.894737e+08 2.051569e+00
1.901755e+08 2.051599e+00
1.908772e+08 2.051629e+00
1.915790e+08 2.051658e+00
1.922807e+08 2.051686e+00
1.929825e+08 2.051713e+00
1.936842e+08 2.051740e+00
1.943860e+08 2.051765e+00
1.950877e+08 2.051790e+00
1.957895e+08 2.051815e+00
1.964913e+08 2.051839e+00
1.971930e+08 2.051862e+00
1.978948e+08 2.051884e+00
1.985965e+08 2.051906e+00
1.992983e+08 2.051927e+00
2.000000e+08 2.051948e+00
2.007018e+08 2.051968e+00
2.014035e+08 2.051987e+00
2.021053e+08 2.052006e+00
2.028070e+08 2.052025e+00
2.035088e+08 2.052043e+00
2.042106e+08 2.052060e+00
2.049123e+08 2.052077e+00
2.056141e+08 2.052093e+00
2.063158e+08 2.052109e+00
2.070176e+08 2.052125e+00
2.077193e+08 2.052140e+00
2.084211e+08 2.052155e+00
2.091228e+08 2.052169e+00
2.098246e+08 2.052183e+00
2.105263e+08 2.052197e+00
2.112281e+08 2.052210e+00
2.119298e+08 2.052223e+00
2.126316e+08 2.052235e+00
2.133334e+08 2.052247e+00
2.140351e+08 2.052259e+00
2.147369e+08 2.052270e+00
2.154386e+08 2.052282e+00
2.161404e+08 2.052292e+00
2.168421e+08 2.052303e+00
2.175439e+08 2.052313e+00
2.182456e+08 2.052323e+00
2.189474e+08 2.052333e+00
2.196491e+08 2.052342e+00
2.203509e+08 2.052351e+00
2.210527e+08 2.052360e+00
2.217544e+08 2.052369e+00
2.224562e+08 2.052377e+00
2.231579e+08 2.052385e+00
2.238597e+08 2.052393e+00
2.245614e+08 2.052401e+00
2.252632e+08 2.052409e+00
2.259649e+08 2.052416e+00
2.266667e+08 2.052423e+00
2.273684e+08 2.052430e+00
2.280702e+08 2.052437e+00
2.287719e+08 2.052443e+00
2.294737e+08 2.052449e+00
2.301755e+08 2.052456e+00
2.308772e+08 2.052462e+00
2.315790e+08 2.052467e+00
2.322807e+08 2.052473e+00
2.329825e+08 2.052479e+00
2.336842e+08 2.052484e+00
2.343860e+08 2.052489e+00
2.350877e+08 2.052494e+00
2.357895e+08 2.052499e+00
2.364912e+08 2.052504e+00
2.371930e+08 2.052509e+00
2.378948e+08 2.052513e+00
2.385965e+08 2.052518e+00
2.392983e+08 2.052522e+00
2.400000e+08 2.052526e+00
2.407018e+08 2.052530e+00
2.414035e+08 2.052534e+00
2.421053e+08 2.052538e+00
2.428070e+08 2.052542e+00
2.435088e+08 2.052545e+00
2.442105e+08 2.052549e+00
2.449123e+08 2.052552e+00
2.456140e+08 2.052555e+00
2.463158e+08 2.052559e+00
2.470176e+08 2.052562e+00
2.477193e+08 2.052565e+00
2.484211e+08 2.052568e+00
2.491228e+08 2.052571e+00
2.498246e+08 2.052574e+00
2.505263e+08 2.052576e+00
2.512281e+08 2.052579e+00
2.519298e+08 2.052582e+00
2.526316e+08 2.052584e+00
2.533333e+08 2.052586e+00
2.540351e+08 2.052589e+00
2.547369e+08 2.052591e+00
2.554386e+08 2.052593e+00
2.561404e+08 2.052596e+00
2.568421e+08 2.052598e+00
2.575439e+08 2.052600e+00
2.582456e+08 2.052602e+00
2.589474e+08 2.052604e+00
2.596491e+08 2.052606e+00
2.603509e+08 2.052608e+00
2.610526e+08 2.052609e+00
2.617544e+08 2.052611e+00
2.624561e+08 2.052613e+00
2.631579e+08 2.052614e+00
2.638597e+08 2.052616e+00
2.645614e+08 2.052618e+00
2.652632e+08 2.052619e+00
2.659649e+08 2.052621e+00
2.666667e+08 2.052622e+00
2.673684e+08 2.052623e+00
2.680702e+08 2.052625e+00
2.687719e+08 2.052626e+00
2.694737e+08 2.052627e+00
2.701754e+08 2.052629e+00
2.708772e+08 2.052630e+00
2.715790e+08 2.052631e+00
2.722807e+08 2.052632e+00
2.729825e+08 2.052633e+00
2.736842e+08 2.052634e+00
2.743860e+08 2.052635e+00
2.750877e+08 2.052636e+00
2.757895e+08 2.052637e+00
2.764912e+08 2.052638e+00
2.771930e+08 2.052639e+00
2.778947e+08 2.052640e+00
2.785965e+08 2.052641e+00
2.792982e+08 2.052642e+00
2.800000e+08 2.052643e+00
