# Models: X-axis(1) Expressions(2)
# Labels: pc(1) sl(2)
1.000000e+02 9.999999e-01
1.019871e+02 9.999999e-01
1.040137e+02 9.999999e-01
1.060805e+02 9.999999e-01
1.081884e+02 9.999999e-01
1.103382e+02 9.999999e-01
1.125307e+02 9.999999e-01
1.147668e+02 9.999999e-01
1.170473e+02 9.999999e-01
1.193731e+02 9.999999e-01
1.217452e+02 9.999999e-01
1.241643e+02 9.999999e-01
1.266316e+02 9.999999e-01
1.291479e+02 9.999999e-01
1.317141e+02 9.999999e-01
1.343314e+02 9.999999e-01
1.370007e+02 9.999999e-01
1.397230e+02 9.999999e-01
1.424994e+02 9.999999e-01
1.453310e+02 9.999999e-01
1.482189e+02 9.999999e-01
1.511641e+02 9.999999e-01
1.541679e+02 9.999999e-01
1.572313e+02 9.999999e-01
1.603556e+02 9.999999e-01
1.635420e+02 9.999999e-01
1.667917e+02 9.999999e-01
1.701060e+02 9.999999e-01
1.734862e+02 9.999999e-01
1.769335e+02 9.999998e-01
1.804493e+02 9.999998e-01
1.840350e+02 9.999998e-01
1.876919e+02 9.999998e-01
1.914215e+02 9.999998e-01
1.952252e+02 9.999998e-01
1.991045e+02 9.999998e-01
2.030609e+02 9.999998e-01
2.070959e+02 9.999998e-01
2.112110e+02 9.999998e-01
2.154080e+02 9.999998e-01
2.196883e+02 9.999998e-01
2.240537e+02 9.999998e-01
2.285058e+02 9.999998e-01
2.330464e+02 9.999998e-01
2.376773e+02 9.999998e-01
2.424001e+02 9.999998e-01
2.472168e+02 9.999998e-01
2.521292e+02 9.999998e-01
2.571392e+02 9.999997e-01
2.622488e+02 9.999997e-01
2.674599e+02 9.999997e-01
2.727746e+02 9.999997e-01
2.781948e+02 9.999997e-01
2.837228e+02 9.999997e-01
2.893606e+02 9.999997e-01
2.951104e+02 9.999997e-01
3.009745e+02 9.999997e-01
3.069551e+02 9.999997e-01
3.130546e+02 9.999997e-01
3.192752e+02 9.999997e-01
3.256195e+02 9.999996e-01
3.320898e+02 9.999996e-01
3.386887e+02 9.999996e-01
3.454188e+02 9.999996e-01
3.522825e+02 9.999996e-01
3.592827e+02 9.999996e-01
3.664219e+02 9.999996e-01
3.737030e+02 9.999996e-01
3.811288e+02 9.999996e-01
3.887022e+02 9.999995e-01
3.964260e+02 9.999995e-01
4.043033e+02 9.999995e-01
4.123372e+02 9.999995e-01
4.205307e+02 9.999995e-01
4.288870e+02 9.999995e-01
4.374093e+02 9.999995e-01
4.461010e+02 9.999995e-01
4.549654e+02 9.999994e-01
4.640059e+02 9.999994e-01
4.732261e+02 9.999994e-01
4.826295e+02 9.999994e-01
4.922198e+02 9.999994e-01
5.020006e+02 9.999994e-01
5.119758e+02 9.999993e-01
5.221491e+02 9.999993e-01
5.325247e+02 9.999993e-01
5.431064e+02 9.999993e-01
5.538984e+02 9.999993e-01
5.649048e+02 9.999992e-01
5.761299e+02 9.999992e-01
5.875781e+02 9.999992e-01
5.992538e+02 9.999992e-01
6.111615e+02 9.999992e-01
6.233058e+02 9.999991e-01
6.356914e+02 9.999991e-01
6.483231e+02 9.999991e-01
6.612058e+02 9.999991e-01
6.743445e+02 9.999990e-01
6.877443e+02 9.999990e-01
7.014104e+02 9.999990e-01
7.153480e+02 9.999990e-01
7.295625e+02 9.999989e-01
7.440596e+02 9.999989e-01
7.588446e+02 9.999989e-01
7.739235e+02 9.999988e-01
7.893020e+02 9.999988e-01
8.049861e+02 9.999988e-01
8.209819e+02 9.999987e-01
8.372955e+02 9.999987e-01
8.539332e+02 9.999987e-01
8.709016e+02 9.999986e-01
8.882071e+02 9.999986e-01
9.058566e+02 9.999986e-01
9.238567e+02 9.999985e-01
9.422145e+02 9.999985e-01
9.609371e+02 9.999984e-01
9.800317e+02 9.999984e-01
9.995058e+02 9.999984e-01
1.019367e+03 9.999983e-01
1.039622e+03 9.999983e-01
1.060281e+03 9.999982e-01
1.081349e+03 9.999982e-01
1.102837e+03 9.999981e-01
1.124751e+03 9.999981e-01
1.147101e+03 9.999980e-01
1.169894e+03 9.999980e-01
1.193141e+03 9.999979e-01
1.216850e+03 9.999978e-01
1.241030e+03 9.999978e-01
1.265690e+03 9.999977e-01
1.290840e+03 9.999977e-01
1.316490e+03 9.999976e-01
1.342650e+03 9.999975e-01
1.369330e+03 9.999975e-01
1.396540e+03 9.999974e-01
1.424290e+03 9.999973e-01
1.452592e+03 9.999972e-01
1.481456e+03 9.999972e-01
1.510894e+03 9.999971e-01
1.540917e+03 9.999970e-01
1.571536e+03 9.999969e-01
1.602764e+03 9.999969e-01
1.634612e+03 9.999968e-01
1.667093e+03 9.999967e-01
1.700219e+03 9.999966e-01
1.734004e+03 9.999965e-01
1.768460e+03 9.999964e-01
1.803601e+03 9.999963e-01
1.839440e+03 9.999962e-01
1.875991e+03 9.999961e-01
1.913269e+03 9.999960e-01
1.951287e+03 9.999959e-01
1.990061e+03 9.999958e-01
2.029605e+03 9.999956e-01
2.069935e+03 9.999955e-01
2.111066e+03 9.999954e-01
2.153015e+03 9.999953e-01
2.195797e+03 9.999952e-01
2.239430e+03 9.999950e-01
2.283929e+03 9.999949e-01
2.329313e+03 9.999947e-01
2.375598e+03 9.999946e-01
2.422803e+03 9.999945e-01
2.470946e+03 9.999943e-01
2.520046e+03 9.999941e-01
2.570121e+03 9.999940e-01
2.621192e+03 9.999938e-01
2.673277e+03 9.999937e-01
2.726397e+03 9.999935e-01
2.780573e+03 9.999933e-01
2.835825e+03 9.999931e-01
2.892176e+03 9.999929e-01
2.949646e+03 9.999927e-01
3.008258e+03 9.999925e-01
3.068034e+03 9.999923e-01
3.128999e+03 9.999921e-01
3.191174e+03 9.999919e-01
3.254586e+03 9.999917e-01
3.319257e+03 9.999915e-01
3.385213e+03 9.999912e-01
3.452480e+03 9.999910e-01
3.521084e+03 9.999907e-01
3.591051e+03 9.999905e-01
3.662408e+03 9.999902e-01
3.735183e+03 9.999900e-01
3.809405e+03 9.999897e-01
3.885101e+03 9.999894e-01
3.962301e+03 9.999891e-01
4.041035e+03 9.999888e-01
4.121334e+03 9.999885e-01
4.203228e+03 9.999882e-01
4.286750e+03 9.999879e-01
4.371931e+03 9.999876e-01
4.458805e+03 9.999872e-01
4.547405e+03 9.999869e-01
4.637766e+03 9.999865e-01
4.729922e+03 9.999861e-01
4.823910e+03 9.999858e-01
4.919765e+03 9.999854e-01
5.017525e+03 9.999850e-01
5.117227e+03 9.999846e-01
5.218911e+03 9.999841e-01
5.322615e+03 9.999837e-01
5.428380e+03 9.999833e-01
5.536246e+03 9.999828e-01
5.646256e+03 9.999823e-01
5.758452e+03 9.999818e-01
5.872877e+03 9.999814e-01
5.989576e+03 9.999808e-01
6.108594e+03 9.999803e-01
6.229977e+03 9.999798e-01
6.353772e+03 9.999792e-01
6.480027e+03 9.999787e-01
6.608790e+03 9.999781e-01
6.740112e+03 9.999775e-01
6.874044e+03 9.999769e-01
7.010637e+03 9.999762e-01
7.149944e+03 9.999756e-01
7.292020e+03 9.999749e-01
7.436918e+03 9.999742e-01
7.584696e+03 9.999735e-01
7.735410e+03 9.999728e-01
7.889119e+03 9.999721e-01
8.045883e+03 9.999713e-01
8.205761e+03 9.999705e-01
8.368816e+03 9.999697e-01
8.535112e+03 9.999689e-01
8.704712e+03 9.999680e-01
8.877681e+03 9.999672e-01
9.054088e+03 9.999663e-01
9.234001e+03 9.999653e-01
9.417488e+03 9.999644e-01
9.604621e+03 9.999634e-01
9.795473e+03 9.999624e-01
9.990118e+03 9.999614e-01
1.018863e+04 9.999603e-01
1.039109e+04 9.999593e-01
1.059757e+04 9.999581e-01
1.080815e+04 9.999570e-01
1.102292e+04 9.999558e-01
1.124195e+04 9.999546e-01
1.146534e+04 9.999534e-01
1.169316e+04 9.999521e-01
1.192552e+04 9.999508e-01
1.216249e+04 9.999495e-01
1.240416e+04 9.999481e-01
1.265065e+04 9.999467e-01
1.290202e+04 9.999452e-01
1.315840e+04 9.999437e-01
1.341987e+04 9.999422e-01
1.368653e+04 9.999406e-01
1.395849e+04 9.999390e-01
1.423586e+04 9.999373e-01
1.451874e+04 9.999356e-01
1.480724e+04 9.999338e-01
1.510147e+04 9.999320e-01
1.540155e+04 9.999302e-01
1.570759e+04 9.999282e-01
1.601971e+04 9.999263e-01
1.633804e+04 9.999243e-01
1.666269e+04 9.999222e-01
1.699379e+04 9.999201e-01
1.733147e+04 9.999179e-01
1.767586e+04 9.999157e-01
1.802710e+04 9.999133e-01
1.838531e+04 9.999110e-01
1.875064e+04 9.999086e-01
1.912323e+04 9.999061e-01
1.950323e+04 9.999035e-01
1.989077e+04 9.999009e-01
2.028602e+04 9.998981e-01
2.068912e+04 9.998954e-01
2.110023e+04 9.998925e-01
2.151951e+04 9.998896e-01
2.194712e+04 9.998865e-01
2.238323e+04 9.998835e-01
2.282800e+04 9.998803e-01
2.328161e+04 9.998770e-01
2.374424e+04 9.998736e-01
2.421606e+04 9.998702e-01
2.469725e+04 9.998666e-01
2.518800e+04 9.998630e-01
2.568851e+04 9.998593e-01
2.619896e+04 9.998554e-01
2.671956e+04 9.998515e-01
2.725050e+04 9.998474e-01
2.779199e+04 9.998432e-01
2.834424e+04 9.998390e-01
2.890746e+04 9.998346e-01
2.948188e+04 9.998300e-01
3.006771e+04 9.998254e-01
3.066518e+04 9.998206e-01
3.127452e+04 9.998157e-01
3.189597e+04 9.998107e-01
3.252977e+04 9.998055e-01
3.317617e+04 9.998002e-01
3.383540e+04 9.997948e-01
3.450774e+04 9.997892e-01
3.519344e+04 9.997834e-01
3.589276e+04 9.997775e-01
3.660598e+04 9.997714e-01
3.733337e+04 9.997652e-01
3.807522e+04 9.997588e-01
3.883180e+04 9.997522e-01
3.960342e+04 9.997454e-01
4.039038e+04 9.997385e-01
4.119297e+04 9.997313e-01
4.201151e+04 9.997240e-01
4.284631e+04 9.997165e-01
4.369770e+04 9.997087e-01
4.456601e+04 9.997008e-01
4.545158e+04 9.996926e-01
4.635474e+04 9.996842e-01
4.727585e+04 9.996756e-01
4.821526e+04 9.996667e-01
4.917333e+04 9.996576e-01
5.015045e+04 9.996483e-01
5.114698e+04 9.996387e-01
5.216331e+04 9.996288e-01
5.319984e+04 9.996187e-01
5.425697e+04 9.996083e-01
5.533510e+04 9.995976e-01
5.643465e+04 9.995866e-01
5.755606e+04 9.995753e-01
5.869975e+04 9.995637e-01
5.986616e+04 9.995518e-01
6.105575e+04 9.995396e-01
6.226898e+04 9.995270e-01
6.350631e+04 9.995141e-01
6.476824e+04 9.995009e-01
6.605524e+04 9.994872e-01
6.736781e+04 9.994732e-01
6.870646e+04 9.994589e-01
7.007172e+04 9.994441e-01
7.146410e+04 9.994289e-01
7.288416e+04 9.994134e-01
7.433242e+04 9.993974e-01
7.580947e+04 9.993809e-01
7.731587e+04 9.993640e-01
7.885220e+04 9.993467e-01
8.041906e+04 9.993289e-01
8.201705e+04 9.993106e-01
8.364680e+04 9.992917e-01
8.530893e+04 9.992724e-01
8.700409e+04 9.992526e-01
8.873294e+04 9.992322e-01
9.049614e+04 9.992113e-01
9.229437e+04 9.991898e-01
9.412834e+04 9.991677e-01
9.599874e+04 9.991450e-01
9.790632e+04 9.991217e-01
9.985180e+04 9.990977e-01
1.018359e+05 9.990731e-01
1.038595e+05 9.990479e-01
1.059233e+05 9.990219e-01
1.080281e+05 9.989952e-01
1.101747e+05 9.989679e-01
1.123639e+05 9.989397e-01
1.145967e+05 9.989108e-01
1.168738e+05 9.988812e-01
1.191962e+05 9.988507e-01
1.215647e+05 9.988194e-01
1.239803e+05 9.987872e-01
1.264439e+05 9.987542e-01
1.289565e+05 9.987202e-01
1.315189e+05 9.986854e-01
1.341323e+05 9.986496e-01
1.367977e+05 9.986128e-01
1.395159e+05 9.985750e-01
1.422882e+05 9.985362e-01
1.451156e+05 9.984964e-01
1.479992e+05 9.984555e-01
1.509401e+05 9.984134e-01
1.539394e+05 9.983702e-01
1.569983e+05 9.983259e-01
1.601180e+05 9.982803e-01
1.632996e+05 9.982336e-01
1.665445e+05 9.981855e-01
1.698539e+05 9.981362e-01
1.732291e+05 9.980855e-01
1.766713e+05 9.980334e-01
1.801819e+05 9.979799e-01
1.837622e+05 9.979250e-01
1.874138e+05 9.978686e-01
1.911378e+05 9.978107e-01
1.949359e+05 9.977512e-01
1.988094e+05 9.976901e-01
2.027599e+05 9.976273e-01
2.067889e+05 9.975629e-01
2.108980e+05 9.974967e-01
2.150887e+05 9.974287e-01
2.193627e+05 9.973589e-01
2.237216e+05 9.972872e-01
2.281672e+05 9.972136e-01
2.327011e+05 9.971379e-01
2.373250e+05 9.970603e-01
2.420409e+05 9.969805e-01
2.468504e+05 9.968987e-01
2.517556e+05 9.968146e-01
2.567581e+05 9.967282e-01
2.618601e+05 9.966395e-01
2.670635e+05 9.965485e-01
2.723703e+05 9.964549e-01
2.777825e+05 9.963589e-01
2.833023e+05 9.962603e-01
2.889318e+05 9.961591e-01
2.946731e+05 9.960551e-01
3.005285e+05 9.959483e-01
3.065002e+05 9.958387e-01
3.125906e+05 9.957262e-01
3.188021e+05 9.956106e-01
3.251369e+05 9.954920e-01
3.315977e+05 9.953702e-01
3.381868e+05 9.952451e-01
3.449069e+05 9.951167e-01
3.517604e+05 9.949848e-01
3.587502e+05 9.948495e-01
3.658789e+05 9.947105e-01
3.731492e+05 9.945678e-01
3.805640e+05 9.944213e-01
3.881261e+05 9.942710e-01
3.958385e+05 9.941166e-01
4.037042e+05 9.939581e-01
4.117261e+05 9.937955e-01
4.199074e+05 9.936285e-01
4.282513e+05 9.934571e-01
4.367611e+05 9.932812e-01
4.454399e+05 9.931006e-01
4.542911e+05 9.929152e-01
4.633183e+05 9.927249e-01
4.725248e+05 9.925296e-01
4.819143e+05 9.923292e-01
4.914903e+05 9.921235e-01
5.012566e+05 9.919124e-01
5.112170e+05 9.916957e-01
5.213753e+05 9.914733e-01
5.317355e+05 9.912451e-01
5.423015e+05 9.910110e-01
5.530775e+05 9.907707e-01
5.640676e+05 9.905241e-01
5.752761e+05 9.902711e-01
5.867073e+05 9.900115e-01
5.983657e+05 9.897451e-01
6.102557e+05 9.894719e-01
6.223820e+05 9.891915e-01
6.347493e+05 9.889038e-01
6.473623e+05 9.886087e-01
6.602259e+05 9.883060e-01
6.733451e+05 9.879954e-01
6.867251e+05 9.876768e-01
7.003709e+05 9.873501e-01
7.142878e+05 9.870149e-01
7.284813e+05 9.866711e-01
7.429569e+05 9.863186e-01
7.577200e+05 9.859570e-01
7.727766e+05 9.855862e-01
7.881323e+05 9.852059e-01
8.037931e+05 9.848160e-01
8.197652e+05 9.844162e-01
8.360546e+05 9.840062e-01
8.526677e+05 9.835859e-01
8.696109e+05 9.831549e-01
8.868908e+05 9.827132e-01
9.045141e+05 9.822603e-01
9.224875e+05 9.817960e-01
9.408181e+05 9.813202e-01
9.595130e+05 9.808325e-01
9.785793e+05 9.803326e-01
9.980245e+05 9.798204e-01
1.017856e+06 9.792954e-01
1.038082e+06 9.787575e-01
1.058709e+06 9.782063e-01
1.079747e+06 9.776416e-01
1.101202e+06 9.770631e-01
1.123084e+06 9.764704e-01
1.145401e+06 9.758633e-01
1.168161e+06 9.752414e-01
1.191373e+06 9.746045e-01
1.215047e+06 9.739522e-01
1.239191e+06 9.732843e-01
1.263814e+06 9.726003e-01
1.288927e+06 9.719000e-01
1.314539e+06 9.711830e-01
1.340660e+06 9.704490e-01
1.367301e+06 9.696977e-01
1.394470e+06 9.689287e-01
1.422179e+06 9.681417e-01
1.450439e+06 9.673362e-01
1.479261e+06 9.665121e-01
1.508655e+06 9.656688e-01
1.538633e+06 9.648061e-01
1.569207e+06 9.639236e-01
1.600388e+06 9.630210e-01
1.632189e+06 9.620978e-01
1.664622e+06 9.611537e-01
1.697700e+06 9.601883e-01
1.731434e+06 9.592013e-01
1.765840e+06 9.581922e-01
1.800928e+06 9.571608e-01
1.836714e+06 9.561067e-01
1.873211e+06 9.550293e-01
1.910433e+06 9.539285e-01
1.948395e+06 9.528038e-01
1.987112e+06 9.516548e-01
2.026597e+06 9.504812e-01
2.066867e+06 9.492826e-01
2.107938e+06 9.480586e-01
2.149824e+06 9.468089e-01
2.192543e+06 9.455330e-01
2.236111e+06 9.442307e-01
2.280544e+06 9.429015e-01
2.325860e+06 9.415451e-01
2.372077e+06 9.401612e-01
2.419212e+06 9.387494e-01
2.467284e+06 9.373093e-01
2.516311e+06 9.358407e-01
2.566312e+06 9.343431e-01
2.617307e+06 9.328163e-01
2.669315e+06 9.312599e-01
2.722357e+06 9.296737e-01
2.776452e+06 9.280572e-01
2.831623e+06 9.264103e-01
2.887889e+06 9.247326e-01
2.945274e+06 9.230239e-01
3.003799e+06 9.212838e-01
3.063487e+06 9.195121e-01
3.124361e+06 9.177086e-01
3.186445e+06 9.158730e-01
3.249762e+06 9.140052e-01
3.314338e+06 9.121048e-01
3.380197e+06 9.101717e-01
3.447364e+06 9.082057e-01
3.515866e+06 9.062066e-01
3.585729e+06 9.041743e-01
3.656981e+06 9.021086e-01
3.729648e+06 9.000094e-01
3.803759e+06 8.978765e-01
3.879343e+06 8.957099e-01
3.956429e+06 8.935095e-01
4.035046e+06 8.912752e-01
4.115226e+06 8.890070e-01
4.196999e+06 8.867049e-01
4.280397e+06 8.843687e-01
4.365452e+06 8.819986e-01
4.452197e+06 8.795945e-01
4.540666e+06 8.771565e-01
4.630893e+06 8.746847e-01
4.722913e+06 8.721791e-01
4.816761e+06 8.696398e-01
4.912474e+06 8.670670e-01
5.010089e+06 8.644608e-01
5.109643e+06 8.618213e-01
5.211176e+06 8.591487e-01
5.314727e+06 8.564432e-01
5.420335e+06 8.537050e-01
5.528041e+06 8.509345e-01
5.637888e+06 8.481317e-01
5.749918e+06 8.452970e-01
5.864174e+06 8.424307e-01
5.980700e+06 8.395331e-01
6.099541e+06 8.366045e-01
6.220744e+06 8.336453e-01
6.344355e+06 8.306559e-01
6.470423e+06 8.276366e-01
6.598996e+06 8.245878e-01
6.730123e+06 8.215100e-01
6.863857e+06 8.184036e-01
7.000247e+06 8.152691e-01
7.139348e+06 8.121069e-01
7.281213e+06 8.089175e-01
7.425897e+06 8.057014e-01
7.573455e+06 8.024592e-01
7.723946e+06 7.991914e-01
7.877428e+06 7.958984e-01
8.033959e+06 7.925810e-01
8.193600e+06 7.892396e-01
8.356414e+06 7.858748e-01
8.522463e+06 7.824873e-01
8.691811e+06 7.790776e-01
8.864525e+06 7.756463e-01
9.040670e+06 7.721941e-01
9.220316e+06 7.687216e-01
9.403531e+06 7.652294e-01
9.590387e+06 7.617183e-01
9.780956e+06 7.581888e-01
9.975312e+06 7.546415e-01
1.017353e+07 7.510773e-01
1.037569e+07 7.474966e-01
1.058186e+07 7.439004e-01
1.079213e+07 7.402891e-01
1.100658e+07 7.366634e-01
1.122529e+07 7.330241e-01
1.144835e+07 7.293718e-01
1.167583e+07 7.257074e-01
1.190784e+07 7.220312e-01
1.214446e+07 7.183441e-01
1.238578e+07 7.146467e-01
1.263190e+07 7.109397e-01
1.288290e+07 7.072240e-01
1.313890e+07 7.034999e-01
1.339998e+07 6.997683e-01
1.366625e+07 6.960297e-01
1.393781e+07 6.922850e-01
1.421476e+07 6.885347e-01
1.449722e+07 6.847795e-01
1.478529e+07 6.810199e-01
1.507909e+07 6.772566e-01
1.537872e+07 6.734904e-01
1.568431e+07 6.697217e-01
1.599597e+07 6.659513e-01
1.631383e+07 6.621795e-01
1.663800e+07 6.584072e-01
1.696861e+07 6.546350e-01
1.730579e+07 6.508632e-01
1.764967e+07 6.470927e-01
1.800038e+07 6.433238e-01
1.835806e+07 6.395572e-01
1.872285e+07 6.357933e-01
1.909489e+07 6.320328e-01
1.947432e+07 6.282760e-01
1.986130e+07 6.245236e-01
2.025596e+07 6.207760e-01
2.065846e+07 6.170339e-01
2.106896e+07 6.132974e-01
2.148762e+07 6.095673e-01
2.191459e+07 6.058439e-01
2.235006e+07 6.021276e-01
2.279417e+07 5.984190e-01
2.324711e+07 5.947184e-01
2.370905e+07 5.910262e-01
2.418017e+07 5.873428e-01
2.466065e+07 5.836687e-01
2.515068e+07 5.800042e-01
2.565044e+07 5.763497e-01
2.616014e+07 5.727054e-01
2.667996e+07 5.690719e-01
2.721011e+07 5.654494e-01
2.775080e+07 5.618382e-01
2.830223e+07 5.582386e-01
2.886462e+07 5.546510e-01
2.943819e+07 5.510756e-01
3.002315e+07 5.475128e-01
3.061973e+07 5.439628e-01
3.122817e+07 5.404259e-01
3.184870e+07 5.369023e-01
3.248156e+07 5.333922e-01
3.312700e+07 5.298959e-01
3.378526e+07 5.264137e-01
3.445660e+07 5.229457e-01
3.514128e+07 5.194922e-01
3.583957e+07 5.160532e-01
3.655173e+07 5.126292e-01
3.727804e+07 5.092202e-01
3.801879e+07 5.058263e-01
3.877426e+07 5.024478e-01
3.954473e+07 4.990848e-01
4.033052e+07 4.957375e-01
4.113192e+07 4.924060e-01
4.194925e+07 4.890904e-01
4.278281e+07 4.857909e-01
4.363294e+07 4.825075e-01
4.449997e+07 4.792405e-01
4.538422e+07 4.759898e-01
4.628604e+07 4.727557e-01
4.720578e+07 4.695381e-01
4.814380e+07 4.663372e-01
4.910046e+07 4.631531e-01
5.007613e+07 4.599857e-01
5.107118e+07 4.568353e-01
5.208601e+07 4.537019e-01
5.312100e+07 4.505854e-01
5.417656e+07 4.474861e-01
5.525309e+07 4.444038e-01
5.635102e+07 4.413387e-01
5.747076e+07 4.382907e-01
5.861275e+07 4.352600e-01
5.977744e+07 4.322465e-01
6.096526e+07 4.292503e-01
6.217670e+07 4.262714e-01
6.341220e+07 4.233097e-01
6.467225e+07 4.203654e-01
6.595734e+07 4.174384e-01
6.726797e+07 4.145286e-01
6.860464e+07 4.116362e-01
6.996787e+07 4.087611e-01
7.135819e+07 4.059033e-01
7.277614e+07 4.030627e-01
7.422226e+07 4.002394e-01
7.569712e+07 3.974334e-01
7.720129e+07 3.946445e-01
7.873534e+07 3.918729e-01
8.029988e+07 3.891184e-01
8.189550e+07 3.863811e-01
8.352284e+07 3.836608e-01
8.518251e+07 3.809576e-01
8.687515e+07 3.782715e-01
8.860144e+07 3.756023e-01
9.036202e+07 3.729501e-01
9.215759e+07 3.703147e-01
9.398884e+07 3.676962e-01
9.585647e+07 3.650945e-01
9.776122e+07 3.625096e-01
9.970382e+07 3.599413e-01
1.016850e+08 3.573897e-01
1.037056e+08 3.548546e-01
1.057663e+08 3.523361e-01
1.078680e+08 3.498340e-01
1.100114e+08 3.473484e-01
1.121974e+08 3.448791e-01
1.144269e+08 3.424261e-01
1.167006e+08 3.399893e-01
1.190196e+08 3.375686e-01
1.213846e+08 3.351640e-01
1.237966e+08 3.327754e-01
1.262565e+08 3.304028e-01
1.287654e+08 3.280460e-01
1.313240e+08 3.257051e-01
1.339336e+08 3.233798e-01
1.365949e+08 3.210702e-01
1.393092e+08 3.187762e-01
1.420774e+08 3.164976e-01
1.449006e+08 3.142346e-01
1.477799e+08 3.119868e-01
1.507164e+08 3.097544e-01
1.537112e+08 3.075372e-01
1.567656e+08 3.053350e-01
1.598807e+08 3.031479e-01
1.630576e+08 3.009758e-01
1.662977e+08 2.988185e-01
1.696022e+08 2.966761e-01
1.729723e+08 2.945484e-01
1.764094e+08 2.924353e-01
1.799148e+08 2.903368e-01
1.834899e+08 2.882528e-01
1.871360e+08 2.861832e-01
1.908546e+08 2.841279e-01
1.946470e+08 2.820868e-01
1.985148e+08 2.800600e-01
2.024594e+08 2.780472e-01
2.064825e+08 2.760483e-01
2.105855e+08 2.740634e-01
2.147700e+08 2.720924e-01
2.190376e+08 2.701351e-01
2.233901e+08 2.681914e-01
2.278290e+08 2.662614e-01
2.323562e+08 2.643449e-01
2.369733e+08 2.624417e-01
2.416822e+08 2.605520e-01
2.464846e+08 2.586754e-01
2.513824e+08 2.568121e-01
2.563776e+08 2.549619e-01
2.614721e+08 2.531247e-01
2.666677e+08 2.513004e-01
2.719666e+08 2.494890e-01
2.773709e+08 2.476903e-01
2.828824e+08 2.459044e-01
2.885036e+08 2.441310e-01
2.942364e+08 2.423702e-01
3.000831e+08 2.406219e-01
3.060460e+08 2.388859e-01
3.121274e+08 2.371622e-01
3.183296e+08 2.354507e-01
3.246551e+08 2.337514e-01
3.311063e+08 2.320641e-01
3.376856e+08 2.303888e-01
3.443957e+08 2.287254e-01
3.512391e+08 2.270738e-01
3.582186e+08 2.254340e-01
3.653367e+08 2.238058e-01
3.725962e+08 2.221892e-01
3.800000e+08 2.205842e-01
